0	0.200995	0	0	0.000000
1	0.201815	0	470	0.000000
2	0.200358	0	475	0.000000
3	0.203825	0	465	0.000000
4	0.196526	0	470	0.000000
5	0.198855	0	465	0.000000
6	0.196630	0	475	0.000000
7	0.201952	0	455	0.000000
8	0.201425	0	450	0.000000
9	0.200703	0	455	0.000000
10	0.198653	0	475	0.000000
11	0.198725	0	480	0.000000
12	0.199766	0	450	0.000000
13	0.198653	0	470	0.000000
14	0.198725	0	445	0.000000
15	0.201522	0	450	0.000000
16	0.199083	0	455	0.000000
17	0.198653	0	450	0.000000
18	0.202069	0	450	0.000000
19	0.202140	0	470	0.000000
20	0.201522	0	465	0.000000
21	0.201522	0	440	0.000000
22	0.199336	0	450	0.000000
23	0.202615	0	470	0.000000
24	0.199336	0	460	0.000000
25	0.199336	0	470	0.000000
26	0.199590	0	480	0.000000
27	0.204547	0	455	0.000000
28	0.204547	0	460	0.000000
29	0.204547	0	435	0.000000
30	0.204547	0	445	0.000000
31	0.204547	0	455	0.000000
32	0.199083	0	475	0.000000
33	0.195765	0	460	0.000000
34	0.202888	0	445	0.000000
35	0.196214	0	470	0.000000
36	0.196897	0	460	0.000000
37	0.202205	0	470	0.000000
38	0.201952	0	480	0.000000
39	0.200020	0	445	0.000000
40	0.197834	0	460	0.000000
41	0.198439	0	450	0.000000
42	0.198927	0	480	0.000000
43	0.200273	0	450	0.000000
44	0.202927	0	455	0.000000
45	0.202927	0	455	0.000000
46	0.202927	0	455	0.000000
47	0.202927	0	455	0.000000
48	0.202108	0	455	0.000000
49	0.202927	0	475	0.000000
50	0.198562	0	450	0.000000
51	0.200195	0	485	0.000000
52	0.202108	0	475	0.000000
53	0.202322	0	485	0.000000
54	0.197990	0	475	0.000000
55	0.198009	0	455	0.000000
56	0.200195	0	445	0.000000
57	0.199545	0	480	0.000000
58	0.202108	0	465	0.000000
59	0.198309	0	465	0.000000
60	0.200319	0	435	0.000000
61	0.197580	0	450	0.000000
62	0.201132	0	455	0.000000
63	0.202459	0	475	0.000000
64	0.204294	0	445	0.000000
65	0.203825	0	450	0.000000
66	0.202459	0	465	0.000000
67	0.202368	0	465	0.000000
68	0.202368	0	445	0.000000
69	0.202069	0	445	0.000000
70	0.202888	0	465	0.000000
71	0.202888	0	425	0.000000
72	0.202888	0	460	0.000000
73	0.203864	0	470	0.000000
74	0.211287	0	435	0.000000
75	0.200839	0	465	0.000000
76	0.203090	0	460	0.000000
77	0.200839	0	465	0.000000
78	0.200156	0	460	0.000000
79	0.203773	0	460	0.000000
80	0.200156	0	455	0.000000
81	0.202205	0	465	0.000000
82	0.198725	0	425	0.000000
83	0.202752	0	470	0.000000
84	0.198725	0	455	0.000000
85	0.199629	0	460	0.000000
86	0.197196	0	465	0.000000
87	0.197196	0	450	0.000000
88	0.203181	0	445	0.000000
89	0.203571	0	475	0.000000
90	0.198927	0	460	0.000000
91	0.201132	0	455	0.000000
92	0.199219	0	440	0.000000
93	0.201861	0	445	0.000000
94	0.207533	0	460	0.000000
95	0.203864	0	475	0.000000
96	0.200475	0	430	0.000000
97	0.197060	0	415	0.000000
98	0.197313	0	450	0.000000
99	0.200137	0	450	0.000000
100	0.200234	0	455	0.000000
101	0.201386	0	460	0.000000
102	0.198107	0	440	0.000000
103	0.198133	0	450	0.000000
104	0.200156	0	460	0.000000
105	0.197743	0	475	0.000000
106	0.202888	0	445	0.000000
107	0.198042	0	440	0.000000
108	0.198009	0	430	0.000000
109	0.197743	0	420	0.000000
110	0.199362	0	465	0.000000
111	0.199512	0	430	0.000000
112	0.202361	0	440	0.000000
113	0.201249	0	450	0.000000
114	0.202108	0	440	0.000000
115	0.198575	0	425	0.000000
116	0.198263	0	460	0.000000
117	0.200475	0	430	0.000000
118	0.200312	0	405	0.000000
119	0.201522	0	450	0.000000
120	0.200312	0	465	0.000000
121	0.200312	0	435	0.000000
122	0.199336	0	430	0.000000
123	0.200312	0	440	0.000000
124	0.201093	0	435	0.000000
125	0.201561	0	445	0.000000
126	0.201561	0	465	0.000000
127	0.201561	0	455	0.000000
128	0.354313	0	435	0.000000
129	0.204118	0	410	0.000000
130	0.201431	0	460	0.000000
131	0.211202	0	425	0.000000
132	0.201431	0	425	0.000000
133	0.205250	0	430	0.000000
134	0.202244	0	445	0.000000
135	0.201431	0	450	0.000000
136	0.201698	0	395	0.000000
137	0.201431	0	430	0.000000
138	0.201431	0	445	0.000000
139	0.201431	0	430	0.000000
140	0.202459	0	455	0.000000
141	0.201724	0	440	0.000000
142	0.204118	0	420	0.000000
143	0.202205	0	430	0.000000
144	0.202244	0	445	0.000000
145	0.201405	0	425	0.000000
146	0.201405	0	390	0.000000
147	0.201405	0	445	0.000000
148	0.201854	0	415	0.000000
149	0.201425	0	395	0.000000
150	0.203773	0	425	0.000000
151	0.203181	0	430	0.000000
152	0.201952	0	440	0.000000
153	0.201952	0	440	0.000000
154	0.201952	0	445	0.000000
155	0.201952	0	430	0.000000
156	0.201952	0	430	0.000000
157	0.201952	0	435	0.000000
158	0.201522	0	420	0.000000
159	0.201522	0	415	0.000000
160	0.356713	0	410	0.000000
161	0.356713	0	400	0.000000
162	0.356713	0	420	0.000000
163	0.356713	0	420	0.000000
164	0.356713	0	400	0.000000
165	0.356713	0	410	0.000000
166	0.356713	0	400	0.000000
167	0.356713	0	390	0.000000
168	0.356713	0	450	0.000000
169	0.205393	0	405	0.000000
170	0.204964	0	385	0.000000
171	0.205783	0	420	0.000000
172	0.203559	0	400	0.000000
173	0.203045	0	425	0.000000
174	0.204918	0	390	0.000000
175	0.204918	0	380	0.000000
176	0.204918	0	355	0.000000
177	0.204918	0	400	0.000000
178	0.204918	0	380	0.000000
179	0.204918	0	390	0.000000
180	0.204254	0	395	0.000000
181	0.203045	0	390	0.000000
182	0.206421	0	415	0.000000
183	0.203013	0	380	0.000000
184	0.203013	0	375	0.000000
185	0.203696	0	395	0.000000
186	0.203696	0	400	0.000000
187	0.206421	0	415	0.000000
188	0.205738	0	380	0.000000
189	0.205738	0	410	0.000000
190	0.205738	0	415	0.000000
191	0.206596	0	350	0.000000
192	0.203708	0	390	0.000000
193	0.359602	0	355	0.000000
194	0.205452	0	340	0.000000
195	0.205452	0	385	0.000000
196	0.205452	0	350	0.000000
197	0.205484	0	310	0.000000
198	0.205452	0	360	0.000000
199	0.206050	0	305	0.000000
200	0.205452	0	340	0.000000
201	0.212568	0	295	0.000000
202	0.212568	0	310	0.000000
203	0.212568	0	320	0.000000
204	0.212568	0	330	0.000000
205	0.208470	0	340	0.000000
206	0.208470	0	355	0.000000
207	0.206557	0	350	0.000000
208	0.206557	0	375	0.000000
209	0.211632	0	340	0.000000
210	0.355347	0	310	0.000000
211	0.211632	0	320	0.000000
212	0.211632	0	365	0.000000
213	0.211632	0	325	0.000000
214	0.211632	0	365	0.000000
215	0.211632	0	330	0.000000
216	0.211632	0	325	0.000000
217	0.211632	0	345	0.000000
218	0.211885	0	365	0.000000
219	0.211885	0	350	0.000000
220	0.211885	0	350	0.000000
221	0.211885	0	325	0.000000
222	0.211885	0	355	0.000000
223	0.212705	0	340	0.000000
224	0.212705	0	365	0.000000
225	0.212705	0	340	0.000000
226	0.212705	0	290	0.000000
227	0.212705	0	335	0.000000
228	0.214500	0	320	0.000000
229	0.212705	0	365	0.000000
230	0.214071	0	330	0.000000
231	0.214071	0	370	0.000000
232	0.212705	0	320	0.000000
233	0.212705	0	325	0.000000
234	0.212705	0	305	0.000000
235	0.212705	0	325	0.000000
236	0.212705	0	310	0.000000
237	0.212705	0	290	0.000000
238	0.212705	0	335	0.000000
239	0.212705	0	325	0.000000
240	0.212705	0	320	0.000000
241	0.212705	0	305	0.000000
242	0.215366	0	305	0.000000
243	0.215366	0	320	0.000000
244	0.215366	0	340	0.000000
245	0.216959	0	300	0.000000
246	0.365457	0	325	0.000000
247	0.216959	0	345	0.000000
248	0.216959	0	285	0.000000
249	0.216959	0	305	0.000000
250	0.216959	0	265	0.000000
251	0.216959	0	340	0.000000
252	0.216959	0	315	0.000000
253	0.216959	0	300	0.000000
254	0.216959	0	335	0.000000
255	0.216959	0	300	0.000000
256	0.216959	0	315	0.000000
257	0.216959	0	295	0.000000
258	0.216959	0	310	0.000000
259	0.216959	0	305	0.000000
260	0.216959	0	285	0.000000
261	0.216959	0	295	0.000000
262	0.216959	0	300	0.000000
263	0.216959	0	315	0.000000
264	0.216959	0	305	0.000000
265	0.216959	0	305	0.000000
266	0.216959	0	270	0.000000
267	0.216959	0	260	0.000000
268	0.216959	0	290	0.000000
269	0.216959	0	310	0.000000
270	0.218306	0	280	0.000000
271	0.218306	0	270	0.000000
272	0.218306	0	315	0.000000
273	0.218306	0	305	0.000000
274	0.219418	0	290	0.000000
275	0.219418	0	310	0.000000
276	0.219418	0	320	0.000000
277	0.219418	0	295	0.000000
278	0.218599	0	320	0.000000
279	0.219711	0	275	0.000000
280	0.219711	0	300	0.000000
281	0.219711	0	310	0.000000
282	0.358197	0	320	0.000000
283	0.358197	0	280	0.000000
284	0.358197	0	260	0.000000
285	0.358197	0	260	0.000000
286	0.358197	0	305	0.000000
287	0.358197	0	290	0.000000
288	0.358197	0	255	0.000000
289	0.366823	0	285	0.000000
290	0.366823	0	240	0.000000
291	0.366823	0	295	0.000000
292	0.366823	0	305	0.000000
293	0.366823	0	255	0.000000
294	0.366823	0	250	0.000000
295	0.370492	0	220	0.000000
296	0.370492	0	285	0.000000
297	0.370492	0	300	0.000000
298	0.370492	0	280	0.000000
299	0.370492	0	275	0.000000
300	0.370492	0	280	0.000000
301	0.370492	0	290	0.000000
302	0.370492	0	290	0.000000
303	0.370492	0	220	0.000000
304	0.370492	0	250	0.000000
305	0.370492	0	235	0.000000
306	0.370492	0	285	0.000000
307	0.370492	0	240	0.000000
308	0.370492	0	255	0.000000
309	0.372834	0	265	0.000000
310	0.372834	0	265	0.000000
311	0.373653	0	255	0.000000
312	0.372834	0	275	0.000000
313	0.372834	0	305	0.000000
314	0.372834	0	305	0.000000
315	0.371858	0	270	0.000000
316	0.371858	0	260	0.000000
317	0.371858	0	305	0.000000
318	0.374044	0	230	0.000000
319	0.374044	0	300	0.000000
320	0.374044	0	255	0.000000
321	0.374044	0	275	0.000000
322	0.374044	0	250	0.000000
323	0.374044	0	240	0.000000
324	0.374044	0	260	0.000000
325	0.374044	0	285	0.000000
326	0.374044	0	235	0.000000
327	0.526112	0	240	0.000000
328	0.526112	0	250	0.000000
329	0.526112	0	220	0.000000
330	0.526112	0	270	0.000000
331	0.526112	0	260	0.000000
332	0.526112	0	270	0.000000
333	0.526112	0	235	0.000000
334	0.526112	0	275	0.000000
335	0.526112	0	240	0.000000
336	0.532943	0	260	0.000000
337	0.532943	0	245	0.000000
338	0.532943	0	245	0.000000
339	0.532943	0	245	0.000000
340	0.532943	0	195	0.000000
341	0.532943	0	235	0.000000
342	0.532943	0	225	0.000000
343	0.532943	0	270	0.000000
344	0.532943	0	230	0.000000
345	0.532943	0	245	0.000000
346	0.526112	0	275	0.000000
347	0.526112	0	220	0.000000
348	0.526366	0	260	0.000000
349	0.526366	0	260	0.000000
350	0.526366	0	240	0.000000
351	0.526366	0	250	0.000000
352	0.526366	0	230	0.000000
353	0.526366	0	250	0.000000
354	0.526366	0	250	0.000000
355	0.526366	0	250	0.000000
356	0.526366	0	210	0.000000
357	0.526366	0	210	0.000000
358	0.526366	0	225	0.000000
359	0.526366	0	210	0.000000
360	0.526366	0	230	0.000000
361	0.526366	0	230	0.000000
362	0.526542	0	275	0.000000
363	0.526542	0	240	0.000000
364	0.529391	0	270	0.000000
365	0.529391	0	295	0.000000
366	0.529391	0	235	0.000000
367	0.529391	0	225	0.000000
368	0.529391	0	225	0.000000
369	0.529391	0	240	0.000000
370	0.529391	0	250	0.000000
371	0.529391	0	220	0.000000
372	0.528962	0	250	0.000000
373	0.528962	0	260	0.000000
374	0.528962	0	250	0.000000
375	0.528962	0	285	0.000000
376	0.528962	0	190	0.000000
377	0.528962	0	240	0.000000
378	0.527478	0	215	0.000000
379	0.527869	0	220	0.000000
380	0.527869	0	240	0.000000
381	0.527869	0	215	0.000000
382	0.527869	0	275	0.000000
383	0.527869	0	225	0.000000
384	0.527869	0	215	0.000000
385	0.527869	0	185	0.000000
386	0.527869	0	215	0.000000
387	0.527869	0	225	0.000000
388	0.527869	0	235	0.000000
389	0.526542	0	225	0.000000
390	0.526542	0	175	0.000000
391	0.526542	0	200	0.000000
392	0.526542	0	190	0.000000
393	0.526542	0	150	0.000000
394	0.526542	0	155	0.000000
395	0.526542	0	180	0.000000
396	0.536612	0	180	0.000000
397	0.536612	0	185	0.000000
398	0.536612	0	220	0.000000
399	0.536612	0	170	0.000000
400	0.536612	0	200	0.000000
401	0.536612	0	210	0.000000
402	0.536612	0	205	0.000000
403	0.536612	0	240	0.000000
404	0.536612	0	175	0.000000
405	0.536612	0	190	0.000000
406	0.536612	0	195	0.000000
407	0.536612	0	210	0.000000
408	0.526542	0	200	0.000000
409	0.536612	0	240	0.000000
410	0.536612	0	210	0.000000
411	0.536612	0	200	0.000000
412	0.536612	0	210	0.000000
413	0.536612	0	165	0.000000
414	0.536612	0	160	0.000000
415	0.536612	0	190	0.000000
416	0.536612	0	190	0.000000
417	0.526542	0	165	0.000000
418	0.526542	0	160	0.000000
419	0.526542	0	160	0.000000
420	0.526542	0	175	0.000000
421	0.531577	0	190	0.000000
422	0.531577	0	185	0.000000
423	0.533763	0	220	0.000000
424	0.533080	0	185	0.000000
425	0.533080	0	170	0.000000
426	0.533080	0	180	0.000000
427	0.533080	0	195	0.000000
428	0.533080	0	205	0.000000
429	0.533080	0	220	0.000000
430	0.531967	0	220	0.000000
431	0.531967	0	205	0.000000
432	0.531967	0	195	0.000000
433	0.531967	0	195	0.000000
434	0.532006	0	195	0.000000
435	0.531967	0	220	0.000000
436	0.531967	0	185	0.000000
437	0.531967	0	165	0.000000
438	0.531967	0	210	0.000000
439	0.531967	0	205	0.000000
440	0.531967	0	165	0.000000
441	0.531967	0	190	0.000000
442	0.531967	0	210	0.000000
443	0.531967	0	220	0.000000
444	0.531967	0	205	0.000000
445	0.531967	0	185	0.000000
446	0.531967	0	210	0.000000
447	0.531967	0	195	0.000000
448	0.531967	0	190	0.000000
449	0.531967	0	160	0.000000
450	0.531967	0	180	0.000000
451	0.531967	0	165	0.000000
452	0.531967	0	215	0.000000
453	0.531967	0	180	0.000000
454	0.531967	0	175	0.000000
455	0.531967	0	150	0.000000
456	0.531967	0	170	0.000000
457	0.531967	0	205	0.000000
458	0.531967	0	225	0.000000
459	0.531967	0	210	0.000000
460	0.531967	0	165	0.000000
461	0.531967	0	175	0.000000
462	0.531967	0	210	0.000000
463	0.531967	0	205	0.000000
464	0.531967	0	205	0.000000
465	0.531967	0	180	0.000000
466	0.532553	0	200	0.000000
467	0.532553	0	215	0.000000
468	0.532553	0	205	0.000000
469	0.532553	0	180	0.000000
470	0.532553	0	200	0.000000
471	0.686768	0	195	0.000000
472	0.686768	0	205	0.000000
473	0.686768	0	190	0.000000
474	0.686768	0	210	0.000000
475	0.686768	0	190	0.000000
476	0.686768	0	160	0.000000
477	0.686768	0	170	0.000000
478	0.686768	0	210	0.000000
479	0.686768	0	180	0.000000
480	0.686768	0	175	0.000000
481	0.686768	0	180	0.000000
482	0.686768	0	170	0.000000
483	0.686768	0	130	0.000000
484	0.686768	0	170	0.000000
485	0.686768	0	110	0.000000
486	0.686768	0	130	0.000000
487	0.686768	0	145	0.000000
488	0.686768	0	155	0.000000
489	0.686768	0	145	0.000000
490	0.686768	0	145	0.000000
491	0.686768	0	155	0.000000
492	0.686768	0	135	0.000000
493	0.686768	0	140	0.000000
494	0.686768	0	195	0.000000
495	0.686768	0	140	0.000000
496	0.686768	0	150	0.000000
497	0.686768	0	185	0.000000
498	0.686768	0	155	0.000000
499	0.686768	0	205	0.000000
500	0.686768	0	190	0.000000
501	0.686768	0	190	0.000000
502	0.686768	0	155	0.000000
503	0.686768	0	185	0.000000
504	0.686768	0	180	0.000000
505	0.686768	0	160	0.000000
506	0.686768	0	115	0.000000
507	0.686768	0	180	0.000000
508	0.686768	0	180	0.000000
509	0.686768	0	130	0.000000
510	0.686768	0	130	0.000000
511	0.686768	0	150	0.000000
512	0.686768	0	135	0.000000
513	0.686768	0	125	0.000000
514	0.686768	0	200	0.000000
515	0.686768	0	170	0.000000
516	0.686768	0	160	0.000000
517	0.686768	0	175	0.000000
518	0.686768	0	175	0.000000
519	0.686768	0	170	0.000000
520	0.686768	0	185	0.000000
521	0.686768	0	195	0.000000
522	0.686768	0	155	0.000000
523	0.686768	0	155	0.000000
524	0.686768	0	160	0.000000
525	0.686768	0	120	0.000000
526	0.686768	0	145	0.000000
527	0.686768	0	150	0.000000
528	0.686768	0	115	0.000000
529	0.686768	0	125	0.000000
530	0.686768	0	160	0.000000
531	0.686768	0	150	0.000000
532	0.686768	0	145	0.000000
533	0.686768	0	130	0.000000
534	0.686768	0	125	0.000000
535	0.686768	0	100	0.000000
536	0.686768	0	125	0.000000
537	0.686768	0	130	0.000000
538	0.686768	0	150	0.000000
539	0.686768	0	130	0.000000
540	0.686768	0	110	0.000000
541	0.686768	0	130	0.000000
542	0.686768	0	150	0.000000
543	0.686768	0	150	0.000000
544	0.686768	0	145	0.000000
545	0.686768	0	145	0.000000
546	0.686768	0	145	0.000000
547	0.686768	0	105	0.000000
548	0.686768	0	145	0.000000
549	0.686768	0	170	0.000000
550	0.693989	0	100	0.000000
551	0.693989	0	160	0.000000
552	0.693989	0	130	0.000000
553	0.693989	0	140	0.000000
554	0.693989	0	120	0.000000
555	0.693989	0	160	0.000000
556	0.693989	0	150	0.000000
557	0.693989	0	140	0.000000
558	0.693989	0	105	0.000000
559	0.693989	0	110	0.000000
560	0.693989	0	130	0.000000
561	0.693989	0	125	0.000000
562	0.693989	0	110	0.000000
563	0.693989	0	115	0.000000
564	0.693989	0	135	0.000000
565	0.693989	0	150	0.000000
566	0.693989	0	135	0.000000
567	0.693989	0	135	0.000000
568	0.696331	0	155	0.000000
569	0.696331	0	120	0.000000
570	0.696331	0	90	0.000000
571	0.696331	0	130	0.000000
572	0.696331	0	105	0.000000
573	0.696331	0	120	0.000000
574	0.696331	0	150	0.000000
575	0.696331	0	100	0.000000
576	0.696331	0	95	0.000000
577	0.696331	0	110	0.000000
578	0.696331	0	85	0.000000
579	0.696331	0	115	0.000000
580	0.696331	0	120	0.000000
581	0.696331	0	85	0.000000
582	0.696331	0	120	0.000000
583	0.696331	0	105	0.000000
584	0.696331	0	115	0.000000
585	0.696331	0	115	0.000000
586	0.696331	0	115	0.000000
587	0.696331	0	100	0.000000
588	0.696331	0	90	0.000000
589	0.696331	0	125	0.000000
590	0.696331	0	105	0.000000
591	0.696331	0	90	0.000000
592	0.696331	0	90	0.000000
593	0.696331	0	100	0.000000
594	0.696331	0	120	0.000000
595	0.696331	0	100	0.000000
596	0.696331	0	90	0.000000
597	0.696331	0	110	0.000000
598	0.696331	0	115	0.000000
599	0.696331	0	105	0.000000
600	0.696331	0	105	0.000000
601	0.696331	0	115	0.000000
602	0.696331	0	75	0.000000
603	0.696331	0	80	0.000000
604	0.696331	0	110	0.000000
605	0.696331	0	90	0.000000
606	0.696331	0	105	0.000000
607	0.696331	0	100	0.000000
608	0.696331	0	110	0.000000
609	0.697268	0	90	0.000000
610	0.697268	0	80	0.000000
611	0.697268	0	105	0.000000
612	0.697268	0	105	0.000000
613	0.697268	0	105	0.000000
614	0.697268	0	95	0.000000
615	0.697268	0	110	0.000000
616	0.697268	0	110	0.000000
617	0.704918	0	120	0.000000
618	0.704918	0	120	0.000000
619	0.704918	0	105	0.000000
620	0.704918	0	130	0.000000
621	0.704918	0	120	0.000000
622	0.704918	0	135	0.000000
623	0.704918	0	130	0.000000
624	0.704918	0	100	0.000000
625	0.704918	0	105	0.000000
626	0.704918	0	125	0.000000
627	0.704918	0	90	0.000000
628	0.704918	0	95	0.000000
629	0.704918	0	110	0.000000
630	0.704918	0	150	0.000000
631	0.704918	0	100	0.000000
632	0.704918	0	95	0.000000
633	0.704918	0	110	0.000000
634	0.704918	0	100	0.000000
635	0.704918	0	110	0.000000
636	0.842896	0	100	0.000000
637	0.842896	0	110	0.000000
638	0.842896	0	135	0.000000
639	0.844809	0	95	0.000000
640	0.844809	0	115	0.000000
641	0.844809	0	100	0.000000
642	0.844809	0	100	0.000000
643	0.844809	0	110	0.000000
644	0.844809	0	95	0.000000
645	0.844809	0	130	0.000000
646	0.842896	0	105	0.000000
647	0.842896	0	80	0.000000
648	0.842896	0	110	0.000000
649	0.842896	0	75	0.000000
650	0.842896	0	85	0.000000
651	0.842896	0	110	0.000000
652	0.842896	0	115	0.000000
653	0.842896	0	110	0.000000
654	0.842896	0	100	0.000000
655	0.842896	0	90	0.000000
656	0.842896	0	110	0.000000
657	0.842896	0	120	0.000000
658	0.842896	0	90	0.000000
659	0.842896	0	105	0.000000
660	0.842896	0	85	0.000000
661	0.842896	0	90	0.000000
662	0.842896	0	90	0.000000
663	0.842896	0	85	0.000000
664	0.842896	0	125	0.000000
665	0.842896	0	100	0.000000
666	0.842896	0	100	0.000000
667	0.842896	0	85	0.000000
668	0.842896	0	115	0.000000
669	0.842896	0	60	0.000000
670	0.842896	0	85	0.000000
671	0.842896	0	110	0.000000
672	0.843872	0	95	0.000000
673	0.843872	0	135	0.000000
674	0.843872	0	75	0.000000
675	0.843872	0	140	0.000000
676	0.843872	0	120	0.000000
677	0.843872	0	95	0.000000
678	0.843872	0	60	0.000000
679	0.843872	0	100	0.000000
680	0.843872	0	100	0.000000
681	0.843872	0	80	0.000000
682	0.843872	0	90	0.000000
683	0.843872	0	55	0.000000
684	0.843872	0	75	0.000000
685	0.843872	0	100	0.000000
686	0.843872	0	80	0.000000
687	0.843872	0	95	0.000000
688	0.843872	0	90	0.000000
689	0.843872	0	90	0.000000
690	0.843872	0	100	0.000000
691	0.843872	0	100	0.000000
692	0.843872	0	80	0.000000
693	0.843872	0	55	0.000000
694	0.843872	0	85	0.000000
695	0.843872	0	55	0.000000
696	0.843872	0	80	0.000000
697	0.843872	0	100	0.000000
698	0.843872	0	70	0.000000
699	0.843872	0	75	0.000000
700	0.843872	0	90	0.000000
701	0.843872	0	110	0.000000
702	0.843872	0	85	0.000000
703	0.843872	0	75	0.000000
704	0.843872	0	100	0.000000
705	0.843872	0	70	0.000000
706	0.843872	0	80	0.000000
707	0.843872	0	65	0.000000
708	0.843872	0	70	0.000000
709	0.843872	0	65	0.000000
710	0.844809	0	75	0.000000
711	0.844809	0	75	0.000000
712	0.844809	0	70	0.000000
713	0.844809	0	55	0.000000
714	0.844809	0	65	0.000000
715	0.844809	0	40	0.000000
716	0.844809	0	85	0.000000
717	0.844809	0	130	0.000000
718	0.844809	0	65	0.000000
719	0.844809	0	110	0.000000
720	0.844809	0	75	0.000000
721	0.844809	0	80	0.000000
722	0.844809	0	75	0.000000
723	0.844809	0	75	0.000000
724	0.844809	0	120	0.000000
725	0.844809	0	55	0.000000
726	0.844809	0	100	0.000000
727	0.844809	0	90	0.000000
728	0.844809	0	110	0.000000
729	0.844809	0	80	0.000000
730	0.844809	0	65	0.000000
731	0.844809	0	75	0.000000
732	0.844809	0	60	0.000000
733	0.844809	0	65	0.000000
734	0.844809	0	80	0.000000
735	0.844809	0	60	0.000000
736	0.844809	0	55	0.000000
737	0.844809	0	50	0.000000
738	0.844809	0	60	0.000000
739	0.844809	0	75	0.000000
740	0.844809	0	50	0.000000
741	0.844809	0	65	0.000000
742	0.844809	0	55	0.000000
743	0.844809	0	70	0.000000
744	0.844809	0	90	0.000000
745	0.844809	0	65	0.000000
746	0.844809	0	100	0.000000
747	0.844809	0	105	0.000000
748	0.844809	0	50	0.000000
749	0.844809	0	75	0.000000
750	0.844809	0	75	0.000000
751	0.844809	0	80	0.000000
752	0.844809	0	70	0.000000
753	0.844809	0	90	0.000000
754	0.844809	0	70	0.000000
755	0.844809	0	65	0.000000
756	0.844809	0	100	0.000000
757	0.844809	0	70	0.000000
758	0.844809	0	85	0.000000
759	0.844809	0	50	0.000000
760	0.844809	0	70	0.000000
761	0.844809	0	70	0.000000
762	0.844809	0	80	0.000000
763	0.844809	0	65	0.000000
764	0.844809	0	90	0.000000
765	0.844809	0	80	0.000000
766	0.844809	0	55	0.000000
767	0.844809	0	65	0.000000
768	0.844809	0	90	0.000000
769	0.844809	0	80	0.000000
770	0.844809	0	70	0.000000
771	0.844809	0	110	0.000000
772	0.844809	0	60	0.000000
773	0.844809	0	85	0.000000
774	0.844809	0	85	0.000000
775	0.844809	0	80	0.000000
776	0.844809	0	90	0.000000
777	0.844809	0	90	0.000000
778	0.844809	0	100	0.000000
779	0.844809	0	80	0.000000
780	0.844809	0	65	0.000000
781	0.844809	0	65	0.000000
782	0.844809	0	80	0.000000
783	0.844809	0	65	0.000000
784	0.844809	0	80	0.000000
785	0.844809	0	65	0.000000
786	0.844809	0	70	0.000000
787	0.844809	0	95	0.000000
788	0.844809	0	65	0.000000
789	0.844809	0	60	0.000000
790	0.844809	0	70	0.000000
791	0.844809	0	65	0.000000
792	0.844809	0	55	0.000000
793	0.844809	0	70	0.000000
794	0.844809	0	70	0.000000
795	0.844809	0	55	0.000000
796	0.844809	0	90	0.000000
797	0.844809	0	50	0.000000
798	0.844809	0	65	0.000000
799	0.844809	0	80	0.000000
800	0.844809	0	50	0.000000
801	0.844809	0	70	0.000000
802	0.844809	0	65	0.000000
803	0.844809	0	60	0.000000
804	0.844809	0	55	0.000000
805	0.844809	0	55	0.000000
806	0.844809	0	40	0.000000
807	0.844809	0	35	0.000000
808	0.844809	0	40	0.000000
809	0.844809	0	50	0.000000
810	0.844809	0	40	0.000000
811	0.844809	0	45	0.000000
812	0.844809	0	65	0.000000
813	1.000000	0	20	0.000000
814	1.000000	0	25	0.000000
815	1.000000	0	40	0.000000
816	1.000000	0	45	0.000000
817	1.000000	0	40	0.000000
818	1.000000	0	40	0.000000
819	1.000000	0	50	0.000000
820	1.000000	0	50	0.000000
821	1.000000	0	55	0.000000
822	1.000000	0	55	0.000000
823	1.000000	0	50	0.000000
824	1.000000	0	40	0.000000
825	1.000000	0	80	0.000000
826	1.000000	0	55	0.000000
827	1.000000	0	60	0.000000
828	1.000000	0	40	0.000000
829	1.000000	0	65	0.000000
830	1.000000	0	45	0.000000
831	1.000000	0	50	0.000000
832	1.000000	0	45	0.000000
833	1.000000	0	50	0.000000
834	1.000000	0	45	0.000000
835	1.000000	0	55	0.000000
836	1.000000	0	45	0.000000
837	1.000000	0	50	0.000000
838	1.000000	0	45	0.000000
839	1.000000	0	30	0.000000
840	1.000000	0	35	0.000000
841	1.000000	0	65	0.000000
842	1.000000	0	65	0.000000
843	1.000000	0	55	0.000000
844	1.000000	0	45	0.000000
845	1.000000	0	55	0.000000
846	1.000000	0	65	0.000000
847	1.000000	0	50	0.000000
848	1.000000	0	45	0.000000
849	1.000000	0	45	0.000000
850	1.000000	0	75	0.000000
851	1.000000	0	55	0.000000
852	1.000000	0	45	0.000000
853	1.000000	0	55	0.000000
854	1.000000	0	45	0.000000
855	1.000000	0	75	0.000000
856	1.000000	0	45	0.000000
857	1.000000	0	55	0.000000
858	1.000000	0	40	0.000000
859	1.000000	0	50	0.000000
860	1.000000	0	35	0.000000
861	1.000000	0	45	0.000000
862	1.000000	0	50	0.000000
863	1.000000	0	60	0.000000
864	1.000000	0	60	0.000000
865	1.000000	0	50	0.000000
866	1.000000	0	45	0.000000
867	1.000000	0	65	0.000000
868	1.000000	0	70	0.000000
869	1.000000	0	45	0.000000
870	1.000000	0	50	0.000000
871	1.000000	0	55	0.000000
872	1.000000	0	60	0.000000
873	1.000000	0	45	0.000000
874	1.000000	0	40	0.000000
875	1.000000	0	40	0.000000
876	1.000000	0	30	0.000000
877	1.000000	0	60	0.000000
878	1.000000	0	40	0.000000
879	1.000000	0	20	0.000000
880	1.000000	0	45	0.000000
881	1.000000	0	30	0.000000
882	1.000000	0	70	0.000000
883	1.000000	0	50	0.000000
884	1.000000	0	45	0.000000
885	1.000000	0	65	0.000000
886	1.000000	0	25	0.000000
887	1.000000	0	30	0.000000
888	1.000000	0	45	0.000000
889	1.000000	0	60	0.000000
890	1.000000	0	25	0.000000
891	1.000000	0	50	0.000000
892	1.000000	0	45	0.000000
893	1.000000	0	45	0.000000
894	1.000000	0	30	0.000000
895	1.000000	0	25	0.000000
896	1.000000	0	50	0.000000
897	1.000000	0	45	0.000000
898	1.000000	0	35	0.000000
899	1.000000	0	50	0.000000
900	1.000000	0	45	0.000000
901	1.000000	0	35	0.000000
902	1.000000	0	40	0.000000
903	1.000000	0	25	0.000000
904	1.000000	0	30	0.000000
905	1.000000	0	50	0.000000
906	1.000000	0	20	0.000000
907	1.000000	0	35	0.000000
908	1.000000	0	40	0.000000
909	1.000000	0	30	0.000000
910	1.000000	0	50	0.000000
911	1.000000	0	45	0.000000
912	1.000000	0	45	0.000000
913	1.000000	0	40	0.000000
914	1.000000	0	60	0.000000
915	1.000000	0	25	0.000000
916	1.000000	0	60	0.000000
917	1.000000	0	40	0.000000
918	1.000000	0	35	0.000000
919	1.000000	0	30	0.000000
920	1.000000	0	25	0.000000
921	1.000000	0	35	0.000000
922	1.000000	0	15	0.000000
923	1.000000	0	30	0.000000
924	1.000000	0	45	0.000000
925	1.000000	0	35	0.000000
926	1.000000	0	35	0.000000
927	1.000000	0	40	0.000000
928	1.000000	0	30	0.000000
929	1.000000	0	25	0.000000
930	1.000000	0	40	0.000000
931	1.000000	0	40	0.000000
932	1.000000	0	25	0.000000
933	1.000000	0	25	0.000000
934	1.000000	0	20	0.000000
935	1.000000	0	35	0.000000
936	1.000000	0	45	0.000000
937	1.000000	0	35	0.000000
938	1.000000	0	35	0.000000
939	1.000000	0	50	0.000000
940	1.000000	0	40	0.000000
941	1.000000	0	40	0.000000
942	1.000000	0	40	0.000000
943	1.000000	0	45	0.000000
944	1.000000	0	65	0.000000
945	1.000000	0	60	0.000000
946	1.000000	0	80	0.000000
947	1.000000	0	70	0.000000
948	1.000000	0	65	0.000000
949	1.000000	0	65	0.000000
950	1.000000	0	50	0.000000
951	1.000000	0	50	0.000000
952	1.000000	0	70	0.000000
953	1.000000	0	70	0.000000
954	1.000000	0	75	0.000000
955	1.000000	0	50	0.000000
956	1.000000	0	40	0.000000
957	1.000000	0	40	0.000000
958	1.000000	0	70	0.000000
959	1.000000	0	70	0.000000
960	1.000000	0	35	0.000000
961	1.000000	0	80	0.000000
962	1.000000	0	30	0.000000
963	1.000000	0	50	0.000000
964	1.000000	0	75	0.000000
965	1.000000	0	55	0.000000
966	1.000000	0	45	0.000000
967	1.000000	0	60	0.000000
968	1.000000	0	50	0.000000
969	1.000000	0	55	0.000000
970	1.000000	0	50	0.000000
971	1.000000	0	45	0.000000
972	1.000000	0	75	0.000000
973	1.000000	0	65	0.000000
974	1.000000	0	35	0.000000
975	1.000000	0	35	0.000000
976	1.000000	0	45	0.000000
977	1.000000	0	40	0.000000
978	1.000000	0	35	0.000000
979	1.000000	0	35	0.000000
980	1.000000	0	40	0.000000
981	1.000000	0	30	0.000000
982	1.000000	0	45	0.000000
983	1.000000	0	35	0.000000
984	1.000000	0	50	0.000000
985	1.000000	0	30	0.000000
986	1.000000	0	45	0.000000
987	1.000000	0	60	0.000000
988	1.000000	0	10	0.000000
989	1.000000	0	35	0.000000
990	1.000000	0	45	0.000000
991	1.000000	0	75	0.000000
992	1.000000	0	25	0.000000
993	1.000000	0	30	0.000000
994	1.000000	0	50	0.000000
995	1.000000	0	40	0.000000
996	1.000000	0	35	0.000000
997	1.000000	0	25	0.000000
998	1.000000	0	50	0.000000
999	1.000000	0	15	0.000000
1000	1.000000	0	25	0.000000
1001	1.000000	0	35	0.000000
1002	1.000000	0	20	0.000000
1003	1.000000	0	15	0.000000
1004	1.000000	0	25	0.000000
1005	1.000000	0	40	0.000000
1006	1.000000	0	20	0.000000
1007	1.000000	0	35	0.000000
1008	1.000000	0	45	0.000000
1009	1.000000	0	35	0.000000
1010	1.000000	0	50	0.000000
1011	1.000000	0	45	0.000000
1012	1.000000	0	45	0.000000
1013	1.000000	0	35	0.000000
1014	1.000000	0	20	0.000000
1015	1.000000	0	45	0.000000
1016	1.000000	0	55	0.000000
1017	1.000000	0	35	0.000000
1018	1.000000	0	30	0.000000
1019	1.000000	0	50	0.000000
1020	1.000000	0	50	0.000000
1021	1.000000	0	50	0.000000
1022	1.000000	0	30	0.000000
1023	1.000000	0	40	0.000000
1024	1.000000	0	35	0.000000
1025	1.000000	0	40	0.000000
1026	1.000000	0	35	0.000000
1027	1.000000	0	30	0.000000
1028	1.000000	0	30	0.000000
1029	1.000000	0	5	0.000000
1030	1.000000	0	30	0.000000
1031	1.000000	0	25	0.000000
1032	1.000000	0	20	0.000000
1033	1.000000	0	25	0.000000
1034	1.000000	0	15	0.000000
1035	1.000000	0	10	0.000000
1036	1.000000	0	15	0.000000
1037	1.000000	0	30	0.000000
1038	1.000000	0	25	0.000000
1039	1.000000	0	30	0.000000
1040	1.000000	0	30	0.000000
1041	1.000000	0	30	0.000000
1042	1.000000	0	20	0.000000
1043	1.000000	0	40	0.000000
1044	1.000000	0	15	0.000000
1045	1.000000	0	45	0.000000
1046	1.000000	0	25	0.000000
1047	1.000000	0	10	0.000000
1048	1.000000	0	25	0.000000
1049	1.000000	0	30	0.000000
1050	1.000000	0	20	0.000000
1051	1.000000	0	35	0.000000
1052	1.000000	0	35	0.000000
1053	1.000000	0	10	0.000000
1054	1.000000	0	40	0.000000
1055	1.000000	0	25	0.000000
1056	1.000000	0	35	0.000000
1057	1.000000	0	25	0.000000
1058	1.000000	0	25	0.000000
1059	1.000000	0	20	0.000000
1060	1.000000	0	10	0.000000
1061	1.000000	0	25	0.000000
1062	1.000000	0	25	0.000000
1063	1.000000	0	5	0.000000
1064	1.000000	0	20	0.000000
1065	1.000000	0	25	0.000000
1066	1.000000	0	15	0.000000
1067	1.000000	0	25	0.000000
1068	1.000000	0	20	0.000000
1069	1.000000	0	35	0.000000
1070	1.000000	0	25	0.000000
1071	1.000000	0	25	0.000000
1072	1.000000	0	20	0.000000
1073	1.000000	0	30	0.000000
1074	1.000000	0	20	0.000000
1075	1.000000	0	30	0.000000
1076	1.000000	0	25	0.000000
1077	1.000000	0	30	0.000000
1078	1.000000	0	40	0.000000
1079	1.000000	0	20	0.000000
1080	1.000000	0	25	0.000000
1081	1.000000	0	15	0.000000
1082	1.000000	0	35	0.000000
1083	1.000000	0	40	0.000000
1084	1.000000	0	35	0.000000
1085	1.000000	0	35	0.000000
1086	1.000000	0	25	0.000000
1087	1.000000	0	20	0.000000
1088	1.000000	0	40	0.000000
1089	1.000000	0	5	0.000000
1090	1.000000	0	20	0.000000
1091	1.000000	0	25	0.000000
1092	1.000000	0	25	0.000000
1093	1.000000	0	20	0.000000
1094	1.000000	0	25	0.000000
1095	1.000000	0	20	0.000000
1096	1.000000	0	10	0.000000
1097	1.000000	0	30	0.000000
1098	1.000000	0	25	0.000000
1099	1.000000	0	15	0.000000
1100	1.000000	0	20	0.000000
1101	1.000000	0	25	0.000000
1102	1.000000	0	20	0.000000
1103	1.000000	0	20	0.000000
1104	1.000000	0	10	0.000000
1105	1.000000	0	15	0.000000
1106	1.000000	0	30	0.000000
1107	1.000000	0	20	0.000000
1108	1.000000	0	15	0.000000
1109	1.000000	0	5	0.000000
1110	1.000000	0	20	0.000000
1111	1.000000	0	5	0.000000
1112	1.000000	0	5	0.000000
1113	1.000000	0	20	0.000000
1114	1.000000	0	10	0.000000
1115	1.000000	0	15	0.000000
1116	1.000000	0	10	0.000000
1117	1.000000	0	25	0.000000
1118	1.000000	0	5	0.000000
1119	1.000000	0	35	0.000000
1120	1.000000	0	10	0.000000
1121	1.000000	0	5	0.000000
1122	1.000000	0	20	0.000000
1123	1.000000	0	15	0.000000
1124	1.000000	0	20	0.000000
1125	1.000000	0	10	0.000000
1126	1.000000	0	30	0.000000
1127	1.000000	0	25	0.000000
1128	1.000000	0	30	0.000000
1129	1.000000	0	25	0.000000
1130	1.000000	0	15	0.000000
1131	1.000000	0	10	0.000000
1132	1.000000	0	10	0.000000
1133	1.000000	0	20	0.000000
1134	1.000000	0	20	0.000000
1135	1.000000	0	30	0.000000
1136	1.000000	0	15	0.000000
1137	1.000000	0	15	0.000000
1138	1.000000	0	20	0.000000
1139	1.000000	0	25	0.000000
1140	1.000000	0	20	0.000000
1141	1.000000	0	25	0.000000
1142	1.000000	0	25	0.000000
1143	1.000000	0	10	0.000000
1144	1.000000	0	25	0.000000
1145	1.000000	0	20	0.000000
1146	1.000000	0	40	0.000000
1147	1.000000	0	20	0.000000
1148	1.000000	0	30	0.000000
1149	1.000000	0	40	0.000000
1150	1.000000	0	20	0.000000
1151	1.000000	0	25	0.000000
1152	1.000000	0	25	0.000000
1153	1.000000	0	45	0.000000
1154	1.000000	0	35	0.000000
1155	1.000000	0	35	0.000000
1156	1.000000	0	20	0.000000
1157	1.000000	0	15	0.000000
1158	1.000000	0	10	0.000000
1159	1.000000	0	35	0.000000
1160	1.000000	0	25	0.000000
1161	1.000000	0	25	0.000000
1162	1.000000	0	25	0.000000
1163	1.000000	0	15	0.000000
1164	1.000000	0	30	0.000000
1165	1.000000	0	15	0.000000
1166	1.000000	0	15	0.000000
1167	1.000000	0	15	0.000000
1168	1.000000	0	10	0.000000
1169	1.000000	0	15	0.000000
1170	1.000000	0	20	0.000000
1171	1.000000	0	25	0.000000
1172	1.000000	0	15	0.000000
1173	1.000000	0	20	0.000000
1174	1.000000	0	15	0.000000
1175	1.000000	0	5	0.000000
1176	1.000000	0	20	0.000000
1177	1.000000	0	15	0.000000
1178	1.000000	0	30	0.000000
1179	1.000000	0	15	0.000000
1180	1.000000	0	30	0.000000
1181	1.000000	0	10	0.000000
1182	1.000000	0	15	0.000000
1183	1.000000	0	35	0.000000
1184	1.000000	0	15	0.000000
1185	1.000000	0	25	0.000000
1186	1.000000	0	15	0.000000
1187	1.000000	0	25	0.000000
1188	1.000000	0	15	0.000000
1189	1.000000	0	10	0.000000
1190	1.000000	0	10	0.000000
1191	1.000000	0	25	0.000000
1192	1.000000	0	30	0.000000
1193	1.000000	0	20	0.000000
1194	1.000000	0	35	0.000000
1195	1.000000	0	20	0.000000
1196	1.000000	0	25	0.000000
1197	1.000000	0	25	0.000000
1198	1.000000	0	20	0.000000
1199	1.000000	0	20	0.000000
1200	1.000000	0	10	0.000000
1201	1.000000	0	20	0.000000
1202	1.000000	0	10	0.000000
1203	1.000000	0	10	0.000000
1204	1.000000	0	20	0.000000
1205	1.000000	0	0	0.000000
1206	1.000000	0	15	0.000000
1207	1.000000	0	5	0.000000
1208	1.000000	0	20	0.000000
1209	1.000000	0	15	0.000000
1210	1.000000	0	20	0.000000
1211	1.000000	0	25	0.000000
1212	1.000000	0	20	0.000000
1213	1.000000	0	10	0.000000
1214	1.000000	0	20	0.000000
1215	1.000000	0	10	0.000000
1216	1.000000	0	20	0.000000
1217	1.000000	0	15	0.000000
1218	1.000000	0	20	0.000000
1219	1.000000	0	10	0.000000
1220	1.000000	0	15	0.000000
1221	1.000000	0	10	0.000000
1222	1.000000	0	20	0.000000
1223	1.000000	0	15	0.000000
1224	1.000000	0	15	0.000000
1225	1.000000	0	5	0.000000
1226	1.000000	0	15	0.000000
1227	1.000000	0	15	0.000000
1228	1.000000	0	20	0.000000
1229	1.000000	0	25	0.000000
1230	1.000000	0	15	0.000000
1231	1.000000	0	20	0.000000
1232	1.000000	0	5	0.000000
1233	1.000000	0	20	0.000000
1234	1.000000	0	15	0.000000
1235	1.000000	0	25	0.000000
1236	1.000000	0	10	0.000000
1237	1.000000	0	35	0.000000
1238	1.000000	0	5	0.000000
1239	1.000000	0	15	0.000000
1240	1.000000	0	10	0.000000
1241	1.000000	0	0	0.000000
1242	1.000000	0	15	0.000000
1243	1.000000	0	10	0.000000
1244	1.000000	0	10	0.000000
1245	1.000000	0	15	0.000000
1246	1.000000	0	15	0.000000
1247	1.000000	0	15	0.000000
1248	1.000000	0	10	0.000000
1249	1.000000	0	15	0.000000
1250	1.000000	0	10	0.000000
1251	1.000000	0	10	0.000000
1252	1.000000	0	30	0.000000
1253	1.000000	0	15	0.000000
1254	1.000000	0	15	0.000000
1255	1.000000	0	20	0.000000
1256	1.000000	0	20	0.000000
1257	1.000000	0	15	0.000000
1258	1.000000	0	30	0.000000
1259	1.000000	0	10	0.000000
1260	1.000000	0	5	0.000000
1261	1.000000	0	15	0.000000
1262	1.000000	0	15	0.000000
1263	1.000000	0	30	0.000000
1264	1.000000	0	10	0.000000
1265	1.000000	0	10	0.000000
1266	1.000000	0	5	0.000000
1267	1.000000	0	10	0.000000
1268	1.000000	0	0	0.000000
1269	1.000000	0	15	0.000000
1270	1.000000	0	15	0.000000
1271	1.000000	0	15	0.000000
1272	1.000000	0	0	0.000000
1273	1.000000	0	10	0.000000
1274	1.000000	0	5	0.000000
1275	1.000000	0	15	0.000000
1276	1.000000	0	5	0.000000
1277	1.000000	0	5	0.000000
1278	1.000000	0	0	0.000000
1279	1.000000	0	10	0.000000
1280	1.000000	0	0	0.000000
1281	1.000000	0	0	0.000000
1282	1.000000	0	10	0.000000
1283	1.000000	0	15	0.000000
1284	1.000000	0	20	0.000000
1285	1.000000	0	15	0.000000
1286	1.000000	0	10	0.000000
1287	1.000000	0	25	0.000000
1288	1.000000	0	10	0.000000
1289	1.000000	0	10	0.000000
1290	1.000000	0	15	0.000000
1291	1.000000	0	30	0.000000
1292	1.000000	0	10	0.000000
1293	1.000000	0	15	0.000000
1294	1.000000	0	25	0.000000
1295	1.000000	0	5	0.000000
1296	1.000000	0	10	0.000000
1297	1.000000	0	10	0.000000
1298	1.000000	0	5	0.000000
1299	1.000000	0	20	0.000000
1300	1.000000	0	5	0.000000
1301	1.000000	0	15	0.000000
1302	1.000000	0	5	0.000000
1303	1.000000	0	5	0.000000
1304	1.000000	0	15	0.000000
1305	1.000000	0	5	0.000000
1306	1.000000	0	10	0.000000
1307	1.000000	0	15	0.000000
1308	1.000000	0	0	0.000000
1309	1.000000	0	0	0.000000
1310	1.000000	0	5	0.000000
1311	1.000000	0	5	0.000000
1312	1.000000	0	15	0.000000
