0	0.160890	0	0	0.000000
1	0.159695	0	465	0.000000
2	0.162237	0	455	0.000000
3	0.158582	0	460	0.000000
4	0.161622	0	455	0.000000
5	0.157938	0	450	0.000000
6	0.159485	0	465	0.000000
7	0.169340	0	465	0.000000
8	0.168691	0	455	0.000000
9	0.166237	0	470	0.000000
10	0.163661	0	435	0.000000
11	0.159622	0	480	0.000000
12	0.161334	0	475	0.000000
13	0.159622	0	480	0.000000
14	0.159031	0	440	0.000000
15	0.160787	0	455	0.000000
16	0.167447	0	455	0.000000
17	0.159987	0	455	0.000000
18	0.160685	0	455	0.000000
19	0.163159	0	475	0.000000
20	0.162222	0	475	0.000000
21	0.166969	0	455	0.000000
22	0.165501	0	485	0.000000
23	0.163364	0	470	0.000000
24	0.281592	0	460	0.000000
25	0.162324	0	465	0.000000
26	0.163378	0	460	0.000000
27	0.162105	0	455	0.000000
28	0.163261	0	450	0.000000
29	0.163364	0	435	0.000000
30	0.163364	0	480	0.000000
31	0.163364	0	475	0.000000
32	0.163261	0	465	0.000000
33	0.164066	0	455	0.000000
34	0.163261	0	460	0.000000
35	0.163261	0	460	0.000000
36	0.163261	0	450	0.000000
37	0.163261	0	465	0.000000
38	0.163261	0	465	0.000000
39	0.163261	0	475	0.000000
40	0.163261	0	425	0.000000
41	0.163261	0	435	0.000000
42	0.163261	0	460	0.000000
43	0.165003	0	485	0.000000
44	0.163261	0	440	0.000000
45	0.163261	0	460	0.000000
46	0.163261	0	450	0.000000
47	0.163261	0	465	0.000000
48	0.163261	0	465	0.000000
49	0.159197	0	475	0.000000
50	0.158289	0	445	0.000000
51	0.160158	0	455	0.000000
52	0.167462	0	445	0.000000
53	0.162646	0	455	0.000000
54	0.160158	0	480	0.000000
55	0.159426	0	470	0.000000
56	0.160158	0	435	0.000000
57	0.162119	0	445	0.000000
58	0.161885	0	460	0.000000
59	0.157699	0	465	0.000000
60	0.159265	0	485	0.000000
61	0.159265	0	450	0.000000
62	0.160905	0	475	0.000000
63	0.160905	0	450	0.000000
64	0.163759	0	440	0.000000
65	0.159900	0	460	0.000000
66	0.158870	0	475	0.000000
67	0.159485	0	470	0.000000
68	0.157523	0	465	0.000000
69	0.163061	0	460	0.000000
70	0.159763	0	450	0.000000
71	0.160787	0	460	0.000000
72	0.158772	0	465	0.000000
73	0.158973	0	485	0.000000
74	0.159456	0	465	0.000000
75	0.160905	0	445	0.000000
76	0.164481	0	455	0.000000
77	0.164256	0	475	0.000000
78	0.164256	0	445	0.000000
79	0.166525	0	460	0.000000
80	0.163934	0	460	0.000000
81	0.163934	0	460	0.000000
82	0.158650	0	450	0.000000
83	0.160787	0	450	0.000000
84	0.158973	0	450	0.000000
85	0.159690	0	465	0.000000
86	0.158650	0	445	0.000000
87	0.157626	0	455	0.000000
88	0.157436	0	460	0.000000
89	0.163012	0	455	0.000000
90	0.159353	0	465	0.000000
91	0.276581	0	435	0.000000
92	0.279757	0	475	0.000000
93	0.278440	0	455	0.000000
94	0.155416	0	460	0.000000
95	0.159353	0	460	0.000000
96	0.165281	0	445	0.000000
97	0.160836	0	445	0.000000
98	0.160222	0	465	0.000000
99	0.160070	0	445	0.000000
100	0.160836	0	465	0.000000
101	0.160836	0	445	0.000000
102	0.163573	0	460	0.000000
103	0.160890	0	430	0.000000
104	0.160890	0	440	0.000000
105	0.160890	0	480	0.000000
106	0.160890	0	460	0.000000
107	0.160890	0	465	0.000000
108	0.161915	0	455	0.000000
109	0.162017	0	440	0.000000
110	0.162017	0	440	0.000000
111	0.162017	0	455	0.000000
112	0.162017	0	490	0.000000
113	0.162017	0	455	0.000000
114	0.167652	0	450	0.000000
115	0.162017	0	460	0.000000
116	0.162017	0	440	0.000000
117	0.162017	0	440	0.000000
118	0.164598	0	455	0.000000
119	0.166032	0	450	0.000000
120	0.166032	0	455	0.000000
121	0.166032	0	480	0.000000
122	0.166032	0	480	0.000000
123	0.166032	0	440	0.000000
124	0.166032	0	455	0.000000
125	0.166032	0	455	0.000000
126	0.166032	0	455	0.000000
127	0.166032	0	450	0.000000
128	0.163934	0	425	0.000000
129	0.163934	0	440	0.000000
130	0.162529	0	445	0.000000
131	0.162529	0	430	0.000000
132	0.162529	0	440	0.000000
133	0.160905	0	465	0.000000
134	0.162529	0	435	0.000000
135	0.164344	0	430	0.000000
136	0.162529	0	465	0.000000
137	0.157845	0	460	0.000000
138	0.157845	0	440	0.000000
139	0.159573	0	450	0.000000
140	0.159509	0	425	0.000000
141	0.158158	0	455	0.000000
142	0.161212	0	400	0.000000
143	0.158992	0	465	0.000000
144	0.162363	0	435	0.000000
145	0.162363	0	445	0.000000
146	0.164583	0	440	0.000000
147	0.162944	0	470	0.000000
148	0.162944	0	440	0.000000
149	0.163695	0	440	0.000000
150	0.163695	0	460	0.000000
151	0.275644	0	455	0.000000
152	0.163695	0	445	0.000000
153	0.163695	0	415	0.000000
154	0.164300	0	440	0.000000
155	0.163695	0	435	0.000000
156	0.163695	0	445	0.000000
157	0.163695	0	415	0.000000
158	0.163695	0	445	0.000000
159	0.163695	0	445	0.000000
160	0.162261	0	425	0.000000
161	0.162261	0	455	0.000000
162	0.162261	0	420	0.000000
163	0.161978	0	440	0.000000
164	0.162261	0	430	0.000000
165	0.162461	0	430	0.000000
166	0.161202	0	450	0.000000
167	0.161202	0	435	0.000000
168	0.163164	0	410	0.000000
169	0.162412	0	435	0.000000
170	0.163730	0	445	0.000000
171	0.162412	0	425	0.000000
172	0.163847	0	455	0.000000
173	0.163847	0	405	0.000000
174	0.162412	0	450	0.000000
175	0.162412	0	395	0.000000
176	0.163246	0	445	0.000000
177	0.161724	0	420	0.000000
178	0.275688	0	440	0.000000
179	0.161212	0	455	0.000000
180	0.160700	0	435	0.000000
181	0.275688	0	415	0.000000
182	0.166950	0	400	0.000000
183	0.275688	0	400	0.000000
184	0.166950	0	415	0.000000
185	0.166950	0	405	0.000000
186	0.275688	0	410	0.000000
187	0.166950	0	455	0.000000
188	0.166950	0	440	0.000000
189	0.275688	0	405	0.000000
190	0.275688	0	420	0.000000
191	0.275688	0	390	0.000000
192	0.274976	0	425	0.000000
193	0.166950	0	415	0.000000
194	0.166950	0	395	0.000000
195	0.166950	0	405	0.000000
196	0.166950	0	380	0.000000
197	0.166950	0	410	0.000000
198	0.275688	0	400	0.000000
199	0.166950	0	400	0.000000
200	0.275688	0	410	0.000000
201	0.165442	0	405	0.000000
202	0.165413	0	425	0.000000
203	0.163773	0	420	0.000000
204	0.163773	0	415	0.000000
205	0.163773	0	410	0.000000
206	0.163773	0	425	0.000000
207	0.162871	0	390	0.000000
208	0.162871	0	375	0.000000
209	0.162661	0	395	0.000000
210	0.162661	0	375	0.000000
211	0.162661	0	360	0.000000
212	0.162661	0	425	0.000000
213	0.162661	0	405	0.000000
214	0.162661	0	370	0.000000
215	0.162359	0	380	0.000000
216	0.162359	0	410	0.000000
217	0.162359	0	370	0.000000
218	0.162359	0	375	0.000000
219	0.162427	0	385	0.000000
220	0.278015	0	335	0.000000
221	0.278015	0	410	0.000000
222	0.278206	0	380	0.000000
223	0.278206	0	335	0.000000
224	0.278206	0	320	0.000000
225	0.278206	0	365	0.000000
226	0.278528	0	345	0.000000
227	0.278528	0	370	0.000000
228	0.278820	0	385	0.000000
229	0.278820	0	340	0.000000
230	0.279845	0	375	0.000000
231	0.279845	0	405	0.000000
232	0.279845	0	340	0.000000
233	0.281162	0	365	0.000000
234	0.164510	0	385	0.000000
235	0.164510	0	395	0.000000
236	0.166150	0	400	0.000000
237	0.164510	0	370	0.000000
238	0.164578	0	370	0.000000
239	0.165193	0	340	0.000000
240	0.165310	0	355	0.000000
241	0.165847	0	360	0.000000
242	0.165847	0	335	0.000000
243	0.165847	0	350	0.000000
244	0.165847	0	350	0.000000
245	0.165847	0	345	0.000000
246	0.166428	0	345	0.000000
247	0.166428	0	360	0.000000
248	0.166681	0	340	0.000000
249	0.167262	0	365	0.000000
250	0.166681	0	360	0.000000
251	0.166681	0	385	0.000000
252	0.166681	0	325	0.000000
253	0.166681	0	335	0.000000
254	0.166681	0	355	0.000000
255	0.166681	0	335	0.000000
256	0.167008	0	335	0.000000
257	0.167008	0	345	0.000000
258	0.168316	0	345	0.000000
259	0.168384	0	340	0.000000
260	0.168384	0	335	0.000000
261	0.168384	0	310	0.000000
262	0.168384	0	335	0.000000
263	0.168384	0	325	0.000000
264	0.168384	0	350	0.000000
265	0.168487	0	340	0.000000
266	0.168487	0	370	0.000000
267	0.168487	0	340	0.000000
268	0.168487	0	360	0.000000
269	0.168487	0	360	0.000000
270	0.168487	0	355	0.000000
271	0.170023	0	315	0.000000
272	0.277815	0	340	0.000000
273	0.277815	0	385	0.000000
274	0.277815	0	315	0.000000
275	0.277815	0	335	0.000000
276	0.277815	0	335	0.000000
277	0.171751	0	345	0.000000
278	0.173731	0	380	0.000000
279	0.173731	0	345	0.000000
280	0.174024	0	335	0.000000
281	0.287441	0	355	0.000000
282	0.285173	0	350	0.000000
283	0.285173	0	350	0.000000
284	0.285173	0	370	0.000000
285	0.285173	0	350	0.000000
286	0.285173	0	335	0.000000
287	0.285173	0	380	0.000000
288	0.285173	0	325	0.000000
289	0.285173	0	355	0.000000
290	0.285173	0	330	0.000000
291	0.285173	0	335	0.000000
292	0.285173	0	350	0.000000
293	0.285173	0	340	0.000000
294	0.286124	0	315	0.000000
295	0.286124	0	300	0.000000
296	0.286314	0	310	0.000000
297	0.286314	0	315	0.000000
298	0.286314	0	310	0.000000
299	0.286314	0	310	0.000000
300	0.286314	0	300	0.000000
301	0.286314	0	295	0.000000
302	0.175029	0	305	0.000000
303	0.175029	0	290	0.000000
304	0.175439	0	310	0.000000
305	0.175439	0	285	0.000000
306	0.175439	0	275	0.000000
307	0.175439	0	310	0.000000
308	0.175439	0	275	0.000000
309	0.175439	0	300	0.000000
310	0.175644	0	330	0.000000
311	0.291511	0	310	0.000000
312	0.293970	0	265	0.000000
313	0.291511	0	290	0.000000
314	0.177064	0	295	0.000000
315	0.177064	0	320	0.000000
316	0.185304	0	305	0.000000
317	0.185304	0	315	0.000000
318	0.185304	0	335	0.000000
319	0.185304	0	250	0.000000
320	0.278718	0	275	0.000000
321	0.185304	0	290	0.000000
322	0.185304	0	280	0.000000
323	0.185304	0	280	0.000000
324	0.185304	0	285	0.000000
325	0.185304	0	275	0.000000
326	0.185304	0	250	0.000000
327	0.185304	0	285	0.000000
328	0.185304	0	255	0.000000
329	0.185304	0	225	0.000000
330	0.183226	0	250	0.000000
331	0.183226	0	240	0.000000
332	0.189476	0	280	0.000000
333	0.189476	0	295	0.000000
334	0.189476	0	290	0.000000
335	0.188642	0	295	0.000000
336	0.188642	0	250	0.000000
337	0.188642	0	295	0.000000
338	0.188642	0	315	0.000000
339	0.188642	0	295	0.000000
340	0.188642	0	260	0.000000
341	0.188642	0	315	0.000000
342	0.188642	0	295	0.000000
343	0.188642	0	295	0.000000
344	0.188642	0	270	0.000000
345	0.188642	0	265	0.000000
346	0.188642	0	260	0.000000
347	0.188642	0	250	0.000000
348	0.188642	0	260	0.000000
349	0.188642	0	260	0.000000
350	0.188642	0	280	0.000000
351	0.294365	0	245	0.000000
352	0.188642	0	230	0.000000
353	0.188642	0	250	0.000000
354	0.188642	0	280	0.000000
355	0.188642	0	245	0.000000
356	0.190910	0	275	0.000000
357	0.278854	0	245	0.000000
358	0.190910	0	295	0.000000
359	0.190910	0	215	0.000000
360	0.294687	0	290	0.000000
361	0.294687	0	220	0.000000
362	0.294687	0	250	0.000000
363	0.294687	0	250	0.000000
364	0.294687	0	260	0.000000
365	0.294687	0	320	0.000000
366	0.294687	0	260	0.000000
367	0.294687	0	260	0.000000
368	0.294687	0	290	0.000000
369	0.295302	0	270	0.000000
370	0.297570	0	240	0.000000
371	0.297570	0	250	0.000000
372	0.297570	0	250	0.000000
373	0.299297	0	250	0.000000
374	0.299297	0	320	0.000000
375	0.299297	0	265	0.000000
376	0.299297	0	275	0.000000
377	0.299297	0	275	0.000000
378	0.297980	0	285	0.000000
379	0.297980	0	275	0.000000
380	0.297980	0	260	0.000000
381	0.297980	0	210	0.000000
382	0.297570	0	240	0.000000
383	0.297570	0	210	0.000000
384	0.297570	0	240	0.000000
385	0.297570	0	240	0.000000
386	0.297570	0	210	0.000000
387	0.297570	0	225	0.000000
388	0.297570	0	280	0.000000
389	0.297570	0	270	0.000000
390	0.295814	0	265	0.000000
391	0.297365	0	170	0.000000
392	0.297365	0	200	0.000000
393	0.297365	0	215	0.000000
394	0.297365	0	235	0.000000
395	0.297365	0	265	0.000000
396	0.297365	0	265	0.000000
397	0.297365	0	245	0.000000
398	0.297365	0	240	0.000000
399	0.297658	0	220	0.000000
400	0.297658	0	240	0.000000
401	0.297658	0	245	0.000000
402	0.297980	0	240	0.000000
403	0.297980	0	225	0.000000
404	0.297980	0	165	0.000000
405	0.297980	0	230	0.000000
406	0.297980	0	250	0.000000
407	0.297980	0	280	0.000000
408	0.297980	0	255	0.000000
409	0.297980	0	270	0.000000
410	0.297980	0	295	0.000000
411	0.297980	0	255	0.000000
412	0.297980	0	260	0.000000
413	0.297980	0	280	0.000000
414	0.297980	0	260	0.000000
415	0.297980	0	215	0.000000
416	0.297980	0	270	0.000000
417	0.297980	0	230	0.000000
418	0.297980	0	235	0.000000
419	0.297980	0	280	0.000000
420	0.297980	0	305	0.000000
421	0.297980	0	270	0.000000
422	0.296585	0	255	0.000000
423	0.296585	0	270	0.000000
424	0.296585	0	260	0.000000
425	0.296585	0	285	0.000000
426	0.296585	0	255	0.000000
427	0.296585	0	255	0.000000
428	0.296585	0	250	0.000000
429	0.296585	0	260	0.000000
430	0.296585	0	255	0.000000
431	0.296585	0	240	0.000000
432	0.296585	0	255	0.000000
433	0.296585	0	245	0.000000
434	0.296585	0	230	0.000000
435	0.411339	0	275	0.000000
436	0.411339	0	230	0.000000
437	0.411339	0	280	0.000000
438	0.411339	0	265	0.000000
439	0.411339	0	240	0.000000
440	0.412002	0	210	0.000000
441	0.412002	0	235	0.000000
442	0.412002	0	240	0.000000
443	0.412002	0	260	0.000000
444	0.412002	0	235	0.000000
445	0.412002	0	230	0.000000
446	0.412002	0	220	0.000000
447	0.412002	0	225	0.000000
448	0.412002	0	250	0.000000
449	0.412002	0	210	0.000000
450	0.411339	0	190	0.000000
451	0.411339	0	230	0.000000
452	0.412534	0	210	0.000000
453	0.412534	0	165	0.000000
454	0.412534	0	255	0.000000
455	0.412534	0	210	0.000000
456	0.412534	0	200	0.000000
457	0.412534	0	250	0.000000
458	0.412534	0	210	0.000000
459	0.412534	0	205	0.000000
460	0.412534	0	200	0.000000
461	0.412534	0	230	0.000000
462	0.528484	0	190	0.000000
463	0.528484	0	230	0.000000
464	0.528484	0	245	0.000000
465	0.528484	0	205	0.000000
466	0.528484	0	220	0.000000
467	0.528484	0	225	0.000000
468	0.528484	0	195	0.000000
469	0.528484	0	200	0.000000
470	0.528484	0	225	0.000000
471	0.528484	0	250	0.000000
472	0.528484	0	260	0.000000
473	0.528484	0	225	0.000000
474	0.528484	0	265	0.000000
475	0.529318	0	210	0.000000
476	0.529318	0	225	0.000000
477	0.529318	0	230	0.000000
478	0.529318	0	230	0.000000
479	0.529318	0	245	0.000000
480	0.529318	0	210	0.000000
481	0.529318	0	200	0.000000
482	0.529318	0	210	0.000000
483	0.529318	0	245	0.000000
484	0.529318	0	220	0.000000
485	0.529318	0	255	0.000000
486	0.529318	0	205	0.000000
487	0.529318	0	210	0.000000
488	0.529318	0	180	0.000000
489	0.529318	0	230	0.000000
490	0.529318	0	230	0.000000
491	0.529318	0	210	0.000000
492	0.529318	0	225	0.000000
493	0.529318	0	235	0.000000
494	0.529318	0	210	0.000000
495	0.529318	0	200	0.000000
496	0.529318	0	210	0.000000
497	0.529318	0	190	0.000000
498	0.529318	0	185	0.000000
499	0.529318	0	195	0.000000
500	0.529318	0	180	0.000000
501	0.529318	0	165	0.000000
502	0.529318	0	220	0.000000
503	0.531265	0	185	0.000000
504	0.531265	0	195	0.000000
505	0.531265	0	220	0.000000
506	0.531265	0	195	0.000000
507	0.531265	0	200	0.000000
508	0.531265	0	185	0.000000
509	0.531265	0	205	0.000000
510	0.531265	0	220	0.000000
511	0.531265	0	230	0.000000
512	0.531265	0	210	0.000000
513	0.531265	0	205	0.000000
514	0.531265	0	240	0.000000
515	0.530343	0	240	0.000000
516	0.530343	0	185	0.000000
517	0.530343	0	190	0.000000
518	0.530343	0	210	0.000000
519	0.530343	0	175	0.000000
520	0.530343	0	190	0.000000
521	0.530343	0	175	0.000000
522	0.530343	0	160	0.000000
523	0.530343	0	180	0.000000
524	0.530343	0	125	0.000000
525	0.530343	0	160	0.000000
526	0.530343	0	130	0.000000
527	0.530343	0	150	0.000000
528	0.530343	0	160	0.000000
529	0.532611	0	200	0.000000
530	0.532611	0	190	0.000000
531	0.532611	0	215	0.000000
532	0.532611	0	205	0.000000
533	0.532611	0	200	0.000000
534	0.532611	0	185	0.000000
535	0.532611	0	180	0.000000
536	0.532611	0	160	0.000000
537	0.532611	0	195	0.000000
538	0.532611	0	165	0.000000
539	0.532611	0	210	0.000000
540	0.532611	0	205	0.000000
541	0.532611	0	195	0.000000
542	0.532611	0	160	0.000000
543	0.532611	0	210	0.000000
544	0.532611	0	240	0.000000
545	0.532611	0	160	0.000000
546	0.532611	0	175	0.000000
547	0.532611	0	195	0.000000
548	0.532611	0	235	0.000000
549	0.532611	0	170	0.000000
550	0.532611	0	240	0.000000
551	0.532611	0	240	0.000000
552	0.532611	0	225	0.000000
553	0.532611	0	210	0.000000
554	0.532611	0	195	0.000000
555	0.532611	0	185	0.000000
556	0.532611	0	215	0.000000
557	0.532611	0	170	0.000000
558	0.532611	0	180	0.000000
559	0.532611	0	145	0.000000
560	0.532611	0	155	0.000000
561	0.532611	0	170	0.000000
562	0.532611	0	150	0.000000
563	0.532611	0	145	0.000000
564	0.532611	0	180	0.000000
565	0.532611	0	175	0.000000
566	0.532611	0	210	0.000000
567	0.532611	0	175	0.000000
568	0.532611	0	165	0.000000
569	0.532611	0	190	0.000000
570	0.532611	0	160	0.000000
571	0.532611	0	180	0.000000
572	0.532611	0	125	0.000000
573	0.532611	0	150	0.000000
574	0.532611	0	155	0.000000
575	0.532611	0	175	0.000000
576	0.532611	0	170	0.000000
577	0.532611	0	185	0.000000
578	0.532611	0	160	0.000000
579	0.532611	0	125	0.000000
580	0.532611	0	205	0.000000
581	0.532611	0	180	0.000000
582	0.532611	0	145	0.000000
583	0.532611	0	160	0.000000
584	0.532611	0	165	0.000000
585	0.532611	0	195	0.000000
586	0.532611	0	150	0.000000
587	0.532611	0	170	0.000000
588	0.532611	0	180	0.000000
589	0.532611	0	160	0.000000
590	0.532611	0	170	0.000000
591	0.532611	0	210	0.000000
592	0.532611	0	180	0.000000
593	0.532611	0	140	0.000000
594	0.532611	0	145	0.000000
595	0.532611	0	140	0.000000
596	0.532611	0	140	0.000000
597	0.532611	0	170	0.000000
598	0.532611	0	155	0.000000
599	0.532611	0	140	0.000000
600	0.532611	0	200	0.000000
601	0.649707	0	160	0.000000
602	0.649707	0	140	0.000000
603	0.649707	0	145	0.000000
604	0.649707	0	145	0.000000
605	0.649707	0	175	0.000000
606	0.649707	0	190	0.000000
607	0.649707	0	130	0.000000
608	0.649707	0	160	0.000000
609	0.649707	0	120	0.000000
610	0.649707	0	150	0.000000
611	0.649707	0	135	0.000000
612	0.649385	0	150	0.000000
613	0.649385	0	145	0.000000
614	0.649385	0	185	0.000000
615	0.649385	0	165	0.000000
616	0.649385	0	145	0.000000
617	0.649385	0	175	0.000000
618	0.649385	0	160	0.000000
619	0.649385	0	185	0.000000
620	0.649385	0	165	0.000000
621	0.649385	0	190	0.000000
622	0.649385	0	160	0.000000
623	0.649385	0	155	0.000000
624	0.649385	0	120	0.000000
625	0.649385	0	170	0.000000
626	0.649385	0	210	0.000000
627	0.649385	0	170	0.000000
628	0.649707	0	135	0.000000
629	0.649707	0	100	0.000000
630	0.649707	0	130	0.000000
631	0.649707	0	160	0.000000
632	0.649707	0	150	0.000000
633	0.649707	0	160	0.000000
634	0.649707	0	130	0.000000
635	0.649707	0	155	0.000000
636	0.649707	0	140	0.000000
637	0.649707	0	150	0.000000
638	0.650322	0	125	0.000000
639	0.651639	0	165	0.000000
640	0.651639	0	155	0.000000
641	0.651639	0	145	0.000000
642	0.651639	0	130	0.000000
643	0.652781	0	125	0.000000
644	0.652781	0	145	0.000000
645	0.652781	0	150	0.000000
646	0.652781	0	125	0.000000
647	0.652781	0	180	0.000000
648	0.654098	0	150	0.000000
649	0.653396	0	175	0.000000
650	0.653396	0	160	0.000000
651	0.653396	0	130	0.000000
652	0.655152	0	135	0.000000
653	0.653396	0	185	0.000000
654	0.653396	0	110	0.000000
655	0.653396	0	150	0.000000
656	0.653396	0	140	0.000000
657	0.653396	0	155	0.000000
658	0.653396	0	160	0.000000
659	0.653396	0	175	0.000000
660	0.653396	0	125	0.000000
661	0.653396	0	170	0.000000
662	0.653396	0	130	0.000000
663	0.653396	0	150	0.000000
664	0.653396	0	140	0.000000
665	0.653396	0	155	0.000000
666	0.653396	0	165	0.000000
667	0.653396	0	175	0.000000
668	0.653396	0	170	0.000000
669	0.653396	0	205	0.000000
670	0.653396	0	160	0.000000
671	0.653396	0	185	0.000000
672	0.653396	0	140	0.000000
673	0.653396	0	175	0.000000
674	0.653396	0	185	0.000000
675	0.653396	0	170	0.000000
676	0.653396	0	150	0.000000
677	0.653396	0	160	0.000000
678	0.653396	0	155	0.000000
679	0.653396	0	140	0.000000
680	0.653396	0	150	0.000000
681	0.653396	0	140	0.000000
682	0.653396	0	120	0.000000
683	0.653396	0	165	0.000000
684	0.653396	0	170	0.000000
685	0.653396	0	160	0.000000
686	0.653396	0	150	0.000000
687	0.653396	0	120	0.000000
688	0.653396	0	140	0.000000
689	0.653396	0	190	0.000000
690	0.653396	0	150	0.000000
691	0.653396	0	180	0.000000
692	0.653396	0	125	0.000000
693	0.653396	0	130	0.000000
694	0.653396	0	130	0.000000
695	0.653396	0	130	0.000000
696	0.653396	0	135	0.000000
697	0.653396	0	150	0.000000
698	0.653396	0	160	0.000000
699	0.653396	0	130	0.000000
700	0.653396	0	135	0.000000
701	0.653396	0	165	0.000000
702	0.653396	0	150	0.000000
703	0.653396	0	150	0.000000
704	0.653396	0	115	0.000000
705	0.653396	0	140	0.000000
706	0.655152	0	120	0.000000
707	0.772248	0	155	0.000000
708	0.772248	0	115	0.000000
709	0.772248	0	135	0.000000
710	0.772248	0	145	0.000000
711	0.772248	0	110	0.000000
712	0.772248	0	160	0.000000
713	0.772248	0	125	0.000000
714	0.772248	0	145	0.000000
715	0.772248	0	135	0.000000
716	0.772248	0	150	0.000000
717	0.772248	0	135	0.000000
718	0.772248	0	125	0.000000
719	0.772248	0	175	0.000000
720	0.772248	0	165	0.000000
721	0.772248	0	100	0.000000
722	0.772248	0	110	0.000000
723	0.772248	0	165	0.000000
724	0.772248	0	135	0.000000
725	0.772248	0	130	0.000000
726	0.772248	0	140	0.000000
727	0.772248	0	145	0.000000
728	0.772248	0	135	0.000000
729	0.772248	0	135	0.000000
730	0.772248	0	130	0.000000
731	0.772248	0	115	0.000000
732	0.772248	0	115	0.000000
733	0.772248	0	140	0.000000
734	0.772248	0	130	0.000000
735	0.772248	0	115	0.000000
736	0.772248	0	105	0.000000
737	0.772248	0	110	0.000000
738	0.772248	0	100	0.000000
739	0.772248	0	85	0.000000
740	0.772248	0	135	0.000000
741	0.772248	0	110	0.000000
742	0.772248	0	60	0.000000
743	0.772248	0	90	0.000000
744	0.772248	0	95	0.000000
745	0.772248	0	95	0.000000
746	0.772248	0	90	0.000000
747	0.772248	0	110	0.000000
748	0.772248	0	100	0.000000
749	0.772248	0	65	0.000000
750	0.772248	0	90	0.000000
751	0.772248	0	100	0.000000
752	0.772248	0	110	0.000000
753	0.772248	0	85	0.000000
754	0.772248	0	130	0.000000
755	0.772248	0	110	0.000000
756	0.772248	0	100	0.000000
757	0.772248	0	85	0.000000
758	0.772248	0	120	0.000000
759	0.772248	0	105	0.000000
760	0.772248	0	105	0.000000
761	0.772248	0	130	0.000000
762	0.772248	0	105	0.000000
763	0.772248	0	70	0.000000
764	0.772248	0	145	0.000000
765	0.772248	0	100	0.000000
766	0.772248	0	125	0.000000
767	0.772248	0	120	0.000000
768	0.772248	0	115	0.000000
769	0.772248	0	150	0.000000
770	0.772248	0	145	0.000000
771	0.772248	0	135	0.000000
772	0.772248	0	115	0.000000
773	0.772248	0	110	0.000000
774	0.772248	0	135	0.000000
775	0.772248	0	90	0.000000
776	0.772248	0	100	0.000000
777	0.772248	0	90	0.000000
778	0.772248	0	115	0.000000
779	0.772248	0	90	0.000000
780	0.772248	0	100	0.000000
781	0.772248	0	95	0.000000
782	0.772248	0	105	0.000000
783	0.772248	0	90	0.000000
784	0.772248	0	125	0.000000
785	0.772248	0	125	0.000000
786	0.772248	0	110	0.000000
787	0.772248	0	115	0.000000
788	0.772248	0	100	0.000000
789	0.772248	0	105	0.000000
790	0.772248	0	85	0.000000
791	0.772248	0	125	0.000000
792	0.772248	0	70	0.000000
793	0.772248	0	110	0.000000
794	0.772248	0	110	0.000000
795	0.772248	0	80	0.000000
796	0.772248	0	65	0.000000
797	0.772248	0	135	0.000000
798	0.772248	0	80	0.000000
799	0.772248	0	105	0.000000
800	0.772248	0	115	0.000000
801	0.772248	0	105	0.000000
802	0.772248	0	95	0.000000
803	0.772248	0	100	0.000000
804	0.772248	0	110	0.000000
805	0.772248	0	100	0.000000
806	0.772248	0	120	0.000000
807	0.772248	0	70	0.000000
808	0.772248	0	90	0.000000
809	0.772248	0	85	0.000000
810	0.772248	0	95	0.000000
811	0.772248	0	65	0.000000
812	0.772248	0	80	0.000000
813	0.772248	0	80	0.000000
814	0.772248	0	80	0.000000
815	0.772248	0	85	0.000000
816	0.772248	0	75	0.000000
817	0.778689	0	115	0.000000
818	0.778689	0	130	0.000000
819	0.778689	0	90	0.000000
820	0.778689	0	105	0.000000
821	0.778689	0	100	0.000000
822	0.778689	0	95	0.000000
823	0.778689	0	135	0.000000
824	0.778689	0	80	0.000000
825	0.778689	0	95	0.000000
826	0.778689	0	90	0.000000
827	0.778689	0	85	0.000000
828	0.778689	0	65	0.000000
829	0.778689	0	100	0.000000
830	0.778689	0	100	0.000000
831	0.778689	0	115	0.000000
832	0.778689	0	115	0.000000
833	0.778689	0	110	0.000000
834	0.778689	0	125	0.000000
835	0.778689	0	65	0.000000
836	0.778689	0	75	0.000000
837	0.778689	0	95	0.000000
838	0.778689	0	120	0.000000
839	0.778689	0	85	0.000000
840	0.778689	0	125	0.000000
841	0.778689	0	75	0.000000
842	0.778689	0	70	0.000000
843	0.778689	0	75	0.000000
844	0.778689	0	105	0.000000
845	0.778689	0	90	0.000000
846	0.778689	0	95	0.000000
847	0.778689	0	130	0.000000
848	0.778689	0	85	0.000000
849	0.778689	0	90	0.000000
850	0.778689	0	105	0.000000
851	0.778689	0	125	0.000000
852	0.778689	0	100	0.000000
853	0.778689	0	95	0.000000
854	0.778689	0	115	0.000000
855	0.778689	0	85	0.000000
856	0.778689	0	110	0.000000
857	0.778689	0	120	0.000000
858	0.778689	0	80	0.000000
859	0.778689	0	105	0.000000
860	0.778689	0	85	0.000000
861	0.778689	0	45	0.000000
862	0.778689	0	60	0.000000
863	0.778689	0	85	0.000000
864	0.778689	0	80	0.000000
865	0.778689	0	85	0.000000
866	0.778689	0	90	0.000000
867	0.778689	0	90	0.000000
868	0.778689	0	70	0.000000
869	0.778689	0	100	0.000000
870	0.778689	0	95	0.000000
871	0.778689	0	100	0.000000
872	0.778689	0	110	0.000000
873	0.778689	0	85	0.000000
874	0.778689	0	95	0.000000
875	0.778689	0	95	0.000000
876	0.778689	0	85	0.000000
877	0.778689	0	105	0.000000
878	0.778689	0	95	0.000000
879	0.778689	0	110	0.000000
880	0.778689	0	95	0.000000
881	0.778689	0	80	0.000000
882	0.778689	0	105	0.000000
883	0.778689	0	85	0.000000
884	0.778689	0	90	0.000000
885	0.778689	0	85	0.000000
886	0.778689	0	70	0.000000
887	0.778689	0	95	0.000000
888	0.778689	0	70	0.000000
889	0.778689	0	95	0.000000
890	0.778689	0	125	0.000000
891	0.778689	0	90	0.000000
892	0.778689	0	110	0.000000
893	0.778689	0	75	0.000000
894	0.778689	0	80	0.000000
895	0.778689	0	130	0.000000
896	0.778689	0	95	0.000000
897	0.778689	0	100	0.000000
898	0.778689	0	140	0.000000
899	0.778689	0	110	0.000000
900	0.778689	0	95	0.000000
901	0.778689	0	45	0.000000
902	0.778689	0	80	0.000000
903	0.778689	0	60	0.000000
904	0.778689	0	55	0.000000
905	0.778689	0	85	0.000000
906	0.778689	0	65	0.000000
907	0.778689	0	85	0.000000
908	0.778689	0	65	0.000000
909	0.778689	0	65	0.000000
910	0.778689	0	45	0.000000
911	0.778689	0	65	0.000000
912	0.778689	0	75	0.000000
913	0.778689	0	60	0.000000
914	0.778689	0	85	0.000000
915	0.778689	0	55	0.000000
916	0.778689	0	80	0.000000
917	0.778689	0	60	0.000000
918	0.778689	0	70	0.000000
919	0.778689	0	95	0.000000
920	0.778689	0	85	0.000000
921	0.778689	0	55	0.000000
922	0.778689	0	60	0.000000
923	0.778689	0	85	0.000000
924	0.778689	0	70	0.000000
925	0.778689	0	30	0.000000
926	0.778689	0	85	0.000000
927	0.778689	0	70	0.000000
928	0.778689	0	65	0.000000
929	0.778689	0	80	0.000000
930	0.778689	0	65	0.000000
931	0.778689	0	85	0.000000
932	0.778689	0	55	0.000000
933	0.778689	0	75	0.000000
934	0.778689	0	60	0.000000
935	0.778689	0	55	0.000000
936	0.778689	0	65	0.000000
937	0.778689	0	75	0.000000
938	0.778689	0	55	0.000000
939	0.778689	0	55	0.000000
940	0.778689	0	90	0.000000
941	0.778689	0	110	0.000000
942	0.778689	0	95	0.000000
943	0.778689	0	85	0.000000
944	0.778689	0	90	0.000000
945	0.778689	0	30	0.000000
946	0.778689	0	65	0.000000
947	0.778689	0	90	0.000000
948	0.778689	0	80	0.000000
949	0.778689	0	75	0.000000
950	0.778689	0	70	0.000000
951	0.778689	0	60	0.000000
952	0.778689	0	90	0.000000
953	0.778689	0	65	0.000000
954	0.778689	0	65	0.000000
955	0.778689	0	25	0.000000
956	0.778689	0	65	0.000000
957	0.778689	0	80	0.000000
958	0.778689	0	50	0.000000
959	0.778689	0	55	0.000000
960	0.778689	0	80	0.000000
961	0.778689	0	55	0.000000
962	0.778689	0	50	0.000000
963	0.778689	0	45	0.000000
964	0.778689	0	55	0.000000
965	0.778689	0	80	0.000000
966	0.778689	0	80	0.000000
967	0.778689	0	60	0.000000
968	0.778689	0	65	0.000000
969	0.778689	0	65	0.000000
970	0.778689	0	80	0.000000
971	0.778689	0	75	0.000000
972	0.778689	0	70	0.000000
973	0.778689	0	50	0.000000
974	0.778689	0	50	0.000000
975	0.778689	0	45	0.000000
976	0.778689	0	80	0.000000
977	0.778689	0	75	0.000000
978	0.778689	0	45	0.000000
979	0.778689	0	35	0.000000
980	0.778689	0	35	0.000000
981	0.778689	0	60	0.000000
982	0.778689	0	40	0.000000
983	0.778689	0	45	0.000000
984	0.778689	0	20	0.000000
985	0.778689	0	30	0.000000
986	0.778689	0	55	0.000000
987	0.778689	0	65	0.000000
988	0.778689	0	50	0.000000
989	0.778689	0	85	0.000000
990	0.778689	0	55	0.000000
991	0.778689	0	50	0.000000
992	0.778689	0	50	0.000000
993	0.778689	0	75	0.000000
994	0.778689	0	90	0.000000
995	0.778689	0	65	0.000000
996	0.778689	0	65	0.000000
997	0.778689	0	55	0.000000
998	0.778689	0	50	0.000000
999	0.778689	0	45	0.000000
1000	0.778689	0	20	0.000000
1001	0.778689	0	45	0.000000
1002	0.778689	0	45	0.000000
1003	0.778689	0	45	0.000000
1004	0.778689	0	40	0.000000
1005	0.778689	0	50	0.000000
1006	0.778689	0	55	0.000000
1007	0.778689	0	45	0.000000
1008	0.778689	0	40	0.000000
1009	0.778689	0	45	0.000000
1010	0.778689	0	65	0.000000
1011	0.778689	0	45	0.000000
1012	0.778689	0	80	0.000000
1013	0.778689	0	60	0.000000
1014	0.778689	0	70	0.000000
1015	0.778689	0	65	0.000000
1016	0.778689	0	50	0.000000
1017	0.778689	0	45	0.000000
1018	0.778689	0	60	0.000000
1019	0.778689	0	45	0.000000
1020	0.778689	0	40	0.000000
1021	0.778689	0	55	0.000000
1022	0.778689	0	40	0.000000
1023	0.778689	0	50	0.000000
1024	0.778689	0	30	0.000000
1025	0.778689	0	50	0.000000
1026	0.778689	0	40	0.000000
1027	0.778689	0	45	0.000000
1028	0.778689	0	50	0.000000
1029	0.778689	0	30	0.000000
1030	0.778689	0	40	0.000000
1031	0.778689	0	55	0.000000
1032	0.778689	0	60	0.000000
1033	0.778689	0	30	0.000000
1034	0.778689	0	60	0.000000
1035	0.778689	0	90	0.000000
1036	0.778689	0	70	0.000000
1037	0.778689	0	70	0.000000
1038	0.778689	0	70	0.000000
1039	0.778689	0	50	0.000000
1040	0.778689	0	70	0.000000
1041	0.778689	0	75	0.000000
1042	0.778689	0	40	0.000000
1043	0.778689	0	55	0.000000
1044	0.778689	0	45	0.000000
1045	0.778689	0	35	0.000000
1046	0.778689	0	45	0.000000
1047	0.778689	0	65	0.000000
1048	0.778689	0	50	0.000000
1049	0.778689	0	60	0.000000
1050	0.778689	0	30	0.000000
1051	0.778689	0	45	0.000000
1052	0.778689	0	25	0.000000
1053	0.778689	0	50	0.000000
1054	0.778689	0	35	0.000000
1055	0.778689	0	55	0.000000
1056	0.778689	0	50	0.000000
1057	0.778689	0	65	0.000000
1058	0.778689	0	60	0.000000
1059	0.778689	0	65	0.000000
1060	0.778689	0	60	0.000000
1061	0.778689	0	45	0.000000
1062	0.778689	0	50	0.000000
1063	0.778689	0	60	0.000000
1064	0.778689	0	90	0.000000
1065	0.778689	0	60	0.000000
1066	0.778689	0	60	0.000000
1067	0.778689	0	85	0.000000
1068	0.778689	0	65	0.000000
1069	0.778689	0	80	0.000000
1070	0.778689	0	55	0.000000
1071	0.778689	0	60	0.000000
1072	0.778689	0	50	0.000000
1073	0.778689	0	45	0.000000
1074	0.778689	0	75	0.000000
1075	0.778689	0	50	0.000000
1076	0.778689	0	55	0.000000
1077	0.778689	0	40	0.000000
1078	0.778689	0	65	0.000000
1079	0.778689	0	45	0.000000
1080	0.778689	0	30	0.000000
1081	0.778689	0	45	0.000000
1082	0.778689	0	25	0.000000
1083	0.778689	0	35	0.000000
1084	0.778689	0	50	0.000000
1085	0.778689	0	65	0.000000
1086	0.778689	0	55	0.000000
1087	0.778689	0	40	0.000000
1088	0.778689	0	40	0.000000
1089	0.778689	0	45	0.000000
1090	0.778689	0	65	0.000000
1091	0.778689	0	55	0.000000
1092	0.778689	0	25	0.000000
1093	0.778689	0	40	0.000000
1094	0.778689	0	60	0.000000
1095	0.778689	0	35	0.000000
1096	0.778689	0	45	0.000000
1097	0.778689	0	45	0.000000
1098	0.778689	0	40	0.000000
1099	0.778689	0	20	0.000000
1100	0.778689	0	30	0.000000
1101	0.778689	0	40	0.000000
1102	0.778689	0	45	0.000000
1103	0.778689	0	40	0.000000
1104	0.778689	0	35	0.000000
1105	0.778689	0	50	0.000000
1106	0.778689	0	30	0.000000
1107	0.778689	0	45	0.000000
1108	0.778689	0	60	0.000000
1109	0.778689	0	45	0.000000
1110	0.778689	0	50	0.000000
1111	0.778689	0	65	0.000000
1112	0.778689	0	30	0.000000
1113	0.778689	0	25	0.000000
1114	0.778689	0	30	0.000000
1115	0.778689	0	50	0.000000
1116	0.778689	0	40	0.000000
1117	0.778689	0	55	0.000000
1118	0.778689	0	30	0.000000
1119	0.778689	0	40	0.000000
1120	0.778689	0	20	0.000000
1121	0.778689	0	40	0.000000
1122	0.778689	0	40	0.000000
1123	0.778689	0	45	0.000000
1124	0.778689	0	35	0.000000
1125	0.778689	0	30	0.000000
1126	0.778689	0	35	0.000000
1127	0.778689	0	65	0.000000
1128	0.778689	0	45	0.000000
1129	0.778689	0	40	0.000000
1130	0.778689	0	40	0.000000
1131	0.778689	0	35	0.000000
1132	0.778689	0	25	0.000000
1133	0.778689	0	20	0.000000
1134	0.778689	0	15	0.000000
1135	0.778689	0	40	0.000000
1136	0.778689	0	40	0.000000
1137	0.778689	0	35	0.000000
1138	0.778689	0	25	0.000000
1139	0.778689	0	40	0.000000
1140	0.778689	0	30	0.000000
1141	0.778689	0	40	0.000000
1142	0.778689	0	30	0.000000
1143	0.778689	0	45	0.000000
1144	0.778689	0	30	0.000000
1145	0.778689	0	35	0.000000
1146	0.778689	0	50	0.000000
1147	0.778689	0	25	0.000000
1148	0.778689	0	20	0.000000
1149	0.778689	0	25	0.000000
1150	0.778689	0	30	0.000000
1151	0.778689	0	40	0.000000
1152	0.778689	0	25	0.000000
1153	0.778689	0	65	0.000000
1154	0.778689	0	15	0.000000
1155	0.778689	0	30	0.000000
1156	0.778689	0	30	0.000000
1157	0.778689	0	35	0.000000
1158	0.880533	0	40	0.000000
1159	0.880533	0	55	0.000000
1160	0.880533	0	35	0.000000
1161	0.880533	0	25	0.000000
1162	0.880533	0	30	0.000000
1163	0.880533	0	25	0.000000
1164	0.880533	0	35	0.000000
1165	0.880533	0	25	0.000000
1166	0.880533	0	30	0.000000
1167	0.880533	0	40	0.000000
1168	0.880533	0	40	0.000000
1169	0.880533	0	20	0.000000
1170	0.880533	0	35	0.000000
1171	0.880533	0	25	0.000000
1172	0.880533	0	30	0.000000
1173	0.880533	0	25	0.000000
1174	0.880533	0	15	0.000000
1175	0.880533	0	25	0.000000
1176	0.880533	0	40	0.000000
1177	0.880533	0	35	0.000000
1178	0.880533	0	50	0.000000
1179	0.880533	0	60	0.000000
1180	0.880533	0	30	0.000000
1181	0.880533	0	55	0.000000
1182	0.880533	0	35	0.000000
1183	0.880533	0	50	0.000000
1184	0.880533	0	50	0.000000
1185	0.880533	0	60	0.000000
1186	0.880533	0	55	0.000000
1187	0.880533	0	70	0.000000
1188	0.880533	0	55	0.000000
1189	0.880533	0	55	0.000000
1190	0.880533	0	30	0.000000
1191	0.880533	0	55	0.000000
1192	0.880533	0	60	0.000000
1193	0.880533	0	45	0.000000
1194	0.880533	0	35	0.000000
1195	0.880533	0	45	0.000000
1196	0.880533	0	35	0.000000
1197	0.880533	0	35	0.000000
1198	0.880533	0	65	0.000000
1199	0.880533	0	35	0.000000
1200	0.880533	0	30	0.000000
1201	0.880533	0	40	0.000000
1202	0.880533	0	10	0.000000
1203	0.880533	0	40	0.000000
1204	0.880533	0	50	0.000000
1205	0.880533	0	45	0.000000
1206	0.880533	0	40	0.000000
1207	0.880533	0	40	0.000000
1208	0.880533	0	45	0.000000
1209	0.880533	0	40	0.000000
1210	0.880533	0	30	0.000000
1211	0.880533	0	45	0.000000
1212	0.880533	0	30	0.000000
1213	0.880533	0	40	0.000000
1214	0.880533	0	30	0.000000
1215	0.880533	0	65	0.000000
1216	0.880533	0	45	0.000000
1217	0.880533	0	65	0.000000
1218	0.880533	0	65	0.000000
1219	0.880533	0	45	0.000000
1220	0.880533	0	60	0.000000
1221	0.880533	0	65	0.000000
1222	0.880533	0	55	0.000000
1223	0.880533	0	60	0.000000
1224	0.880533	0	55	0.000000
1225	0.880533	0	50	0.000000
1226	0.880533	0	55	0.000000
1227	0.889344	0	55	0.000000
1228	0.889344	0	50	0.000000
1229	0.889344	0	35	0.000000
1230	0.889344	0	40	0.000000
1231	0.889344	0	50	0.000000
1232	0.889344	0	40	0.000000
1233	0.889344	0	30	0.000000
1234	0.889344	0	55	0.000000
1235	0.889344	0	55	0.000000
1236	0.889344	0	60	0.000000
1237	0.889344	0	45	0.000000
1238	0.889344	0	35	0.000000
1239	0.889344	0	50	0.000000
1240	0.889344	0	35	0.000000
1241	0.889344	0	40	0.000000
1242	0.889344	0	35	0.000000
1243	0.889344	0	30	0.000000
1244	0.889344	0	20	0.000000
1245	0.889344	0	35	0.000000
1246	0.889344	0	25	0.000000
1247	0.889344	0	35	0.000000
1248	0.889344	0	45	0.000000
1249	0.889344	0	5	0.000000
1250	0.889344	0	20	0.000000
1251	0.889344	0	25	0.000000
1252	0.889344	0	35	0.000000
1253	0.889344	0	35	0.000000
1254	0.889344	0	25	0.000000
1255	0.889344	0	25	0.000000
1256	0.889344	0	25	0.000000
1257	0.889344	0	25	0.000000
1258	0.889344	0	30	0.000000
1259	0.889344	0	45	0.000000
1260	0.889344	0	25	0.000000
1261	0.889344	0	25	0.000000
1262	0.889344	0	25	0.000000
1263	0.889344	0	15	0.000000
1264	0.889344	0	35	0.000000
1265	0.889344	0	25	0.000000
1266	0.889344	0	35	0.000000
1267	0.889344	0	45	0.000000
1268	0.889344	0	45	0.000000
1269	0.889344	0	40	0.000000
1270	0.889344	0	45	0.000000
1271	0.889344	0	40	0.000000
1272	0.889344	0	40	0.000000
1273	0.889344	0	40	0.000000
1274	0.889344	0	20	0.000000
1275	0.889344	0	35	0.000000
1276	0.889344	0	35	0.000000
1277	0.889344	0	20	0.000000
1278	0.889344	0	15	0.000000
1279	0.889344	0	35	0.000000
1280	0.889344	0	40	0.000000
1281	0.889344	0	20	0.000000
1282	0.889344	0	15	0.000000
1283	0.889344	0	35	0.000000
1284	0.889344	0	15	0.000000
1285	0.889344	0	35	0.000000
1286	0.889344	0	35	0.000000
1287	0.889344	0	25	0.000000
1288	0.889344	0	35	0.000000
1289	0.889344	0	25	0.000000
1290	0.889344	0	15	0.000000
1291	0.889344	0	15	0.000000
1292	0.889344	0	45	0.000000
1293	0.889344	0	30	0.000000
1294	0.889344	0	30	0.000000
1295	0.889344	0	35	0.000000
1296	0.889344	0	20	0.000000
1297	0.889344	0	15	0.000000
1298	0.889344	0	20	0.000000
1299	0.889344	0	30	0.000000
1300	0.889344	0	10	0.000000
1301	0.889344	0	15	0.000000
1302	0.889344	0	15	0.000000
1303	0.889344	0	25	0.000000
1304	0.889344	0	20	0.000000
1305	0.889344	0	20	0.000000
1306	0.889344	0	15	0.000000
1307	0.889344	0	10	0.000000
1308	0.889344	0	10	0.000000
1309	0.889344	0	20	0.000000
1310	0.889344	0	10	0.000000
1311	0.889344	0	10	0.000000
1312	0.889344	0	15	0.000000
1313	0.889344	0	10	0.000000
1314	0.889344	0	30	0.000000
1315	0.889344	0	15	0.000000
1316	0.889344	0	20	0.000000
1317	0.889344	0	25	0.000000
1318	0.889344	0	5	0.000000
1319	0.889344	0	10	0.000000
1320	0.889344	0	5	0.000000
1321	0.889344	0	20	0.000000
1322	0.889344	0	30	0.000000
1323	0.889344	0	20	0.000000
1324	0.889344	0	10	0.000000
1325	0.889344	0	20	0.000000
1326	0.889344	0	30	0.000000
1327	0.889344	0	20	0.000000
1328	0.889344	0	20	0.000000
1329	0.889344	0	20	0.000000
1330	0.889344	0	10	0.000000
1331	0.889344	0	30	0.000000
1332	0.889344	0	15	0.000000
1333	0.889344	0	30	0.000000
1334	0.889344	0	15	0.000000
1335	0.889344	0	15	0.000000
1336	0.889344	0	10	0.000000
1337	0.889344	0	15	0.000000
1338	0.889344	0	5	0.000000
1339	0.889344	0	5	0.000000
1340	0.889344	0	15	0.000000
1341	0.889344	0	5	0.000000
1342	0.889344	0	0	0.000000
1343	0.889344	0	15	0.000000
1344	0.889344	0	0	0.000000
1345	0.889344	0	15	0.000000
1346	0.889344	0	10	0.000000
1347	0.889344	0	10	0.000000
1348	0.889344	0	15	0.000000
1349	0.889344	0	25	0.000000
1350	0.889344	0	35	0.000000
1351	0.889344	0	25	0.000000
1352	0.889344	0	15	0.000000
1353	0.889344	0	35	0.000000
1354	0.889344	0	30	0.000000
1355	0.889344	0	20	0.000000
1356	0.889344	0	5	0.000000
1357	0.889344	0	20	0.000000
1358	0.889344	0	25	0.000000
1359	0.889344	0	25	0.000000
1360	0.889344	0	15	0.000000
1361	0.889344	0	20	0.000000
1362	0.889344	0	15	0.000000
1363	0.889344	0	5	0.000000
1364	0.889344	0	20	0.000000
1365	0.889344	0	25	0.000000
1366	0.889344	0	25	0.000000
1367	0.889344	0	15	0.000000
1368	0.889344	0	25	0.000000
1369	0.889344	0	25	0.000000
1370	0.889344	0	20	0.000000
1371	0.889344	0	35	0.000000
1372	0.889344	0	25	0.000000
1373	0.889344	0	20	0.000000
1374	0.889344	0	25	0.000000
1375	0.889344	0	20	0.000000
1376	0.889344	0	25	0.000000
1377	0.889344	0	35	0.000000
1378	0.889344	0	30	0.000000
1379	0.889344	0	15	0.000000
1380	0.889344	0	20	0.000000
1381	0.889344	0	10	0.000000
1382	0.889344	0	5	0.000000
1383	0.889344	0	25	0.000000
1384	0.889344	0	25	0.000000
1385	0.889344	0	10	0.000000
1386	0.889344	0	20	0.000000
1387	0.889344	0	20	0.000000
1388	0.889344	0	25	0.000000
1389	0.889344	0	20	0.000000
1390	0.889344	0	15	0.000000
1391	0.889344	0	30	0.000000
1392	0.889344	0	30	0.000000
1393	0.889344	0	40	0.000000
1394	0.889344	0	25	0.000000
1395	0.889344	0	30	0.000000
1396	0.889344	0	40	0.000000
1397	0.889344	0	20	0.000000
1398	0.889344	0	20	0.000000
1399	0.889344	0	20	0.000000
1400	0.889344	0	20	0.000000
1401	0.889344	0	15	0.000000
1402	0.889344	0	30	0.000000
1403	0.889344	0	20	0.000000
1404	0.889344	0	30	0.000000
1405	0.889344	0	30	0.000000
1406	0.889344	0	10	0.000000
1407	0.889344	0	20	0.000000
1408	0.889344	0	15	0.000000
1409	0.889344	0	10	0.000000
1410	0.889344	0	25	0.000000
1411	0.889344	0	20	0.000000
1412	0.889344	0	20	0.000000
1413	0.889344	0	10	0.000000
1414	0.889344	0	30	0.000000
1415	0.889344	0	20	0.000000
1416	0.889344	0	20	0.000000
1417	0.889344	0	15	0.000000
1418	0.889344	0	15	0.000000
1419	0.889344	0	20	0.000000
1420	0.889344	0	15	0.000000
1421	0.889344	0	20	0.000000
1422	0.889344	0	10	0.000000
1423	0.889344	0	20	0.000000
1424	0.889344	0	5	0.000000
1425	0.889344	0	15	0.000000
1426	0.889344	0	10	0.000000
1427	0.889344	0	15	0.000000
1428	0.889344	0	5	0.000000
1429	0.889344	0	15	0.000000
1430	0.889344	0	20	0.000000
1431	0.889344	0	10	0.000000
1432	0.889344	0	10	0.000000
1433	0.889344	0	5	0.000000
1434	0.889344	0	15	0.000000
1435	0.889344	0	5	0.000000
1436	0.889344	0	20	0.000000
1437	0.889344	0	5	0.000000
1438	0.889344	0	5	0.000000
1439	0.889344	0	5	0.000000
1440	0.889344	0	5	0.000000
1441	0.889344	0	15	0.000000
1442	0.889344	0	10	0.000000
1443	0.889344	0	20	0.000000
1444	0.889344	0	20	0.000000
1445	0.889344	0	10	0.000000
1446	0.889344	0	15	0.000000
1447	0.889344	0	25	0.000000
1448	0.889344	0	35	0.000000
1449	0.889344	0	30	0.000000
1450	0.889344	0	25	0.000000
1451	0.889344	0	15	0.000000
1452	0.889344	0	25	0.000000
1453	0.889344	0	20	0.000000
1454	0.889344	0	20	0.000000
1455	0.889344	0	25	0.000000
1456	0.889344	0	35	0.000000
1457	0.889344	0	15	0.000000
1458	0.889344	0	15	0.000000
1459	0.889344	0	20	0.000000
1460	0.889344	0	20	0.000000
1461	0.889344	0	10	0.000000
1462	0.889344	0	25	0.000000
1463	0.889344	0	20	0.000000
1464	0.889344	0	40	0.000000
1465	0.889344	0	25	0.000000
1466	0.889344	0	10	0.000000
1467	0.889344	0	35	0.000000
1468	0.889344	0	15	0.000000
1469	0.889344	0	20	0.000000
1470	0.889344	0	20	0.000000
1471	0.889344	0	20	0.000000
1472	0.889344	0	25	0.000000
1473	0.889344	0	40	0.000000
1474	0.889344	0	40	0.000000
1475	0.889344	0	35	0.000000
1476	0.889344	0	40	0.000000
1477	0.889344	0	25	0.000000
1478	0.889344	0	20	0.000000
1479	0.889344	0	40	0.000000
1480	0.889344	0	25	0.000000
1481	0.889344	0	35	0.000000
1482	0.889344	0	20	0.000000
1483	0.889344	0	15	0.000000
1484	0.889344	0	20	0.000000
1485	0.889344	0	30	0.000000
1486	0.889344	0	10	0.000000
1487	0.889344	0	15	0.000000
1488	0.889344	0	10	0.000000
1489	0.889344	0	15	0.000000
1490	0.889344	0	5	0.000000
1491	0.889344	0	0	0.000000
1492	0.889344	0	0	0.000000
1493	0.889344	0	15	0.000000
1494	0.889344	0	5	0.000000
1495	0.889344	0	5	0.000000
1496	0.889344	0	10	0.000000
1497	0.889344	0	10	0.000000
1498	0.889344	0	15	0.000000
1499	0.889344	0	10	0.000000
1500	0.889344	0	15	0.000000
1501	0.889344	0	20	0.000000
1502	0.889344	0	15	0.000000
1503	0.889344	0	20	0.000000
1504	0.889344	0	15	0.000000
1505	0.889344	0	35	0.000000
1506	0.889344	0	35	0.000000
1507	0.889344	0	25	0.000000
1508	0.889344	0	20	0.000000
1509	0.889344	0	30	0.000000
1510	0.889344	0	30	0.000000
1511	0.889344	0	20	0.000000
1512	0.889344	0	15	0.000000
1513	0.889344	0	25	0.000000
1514	0.889344	0	15	0.000000
1515	0.889344	0	20	0.000000
1516	0.889344	0	15	0.000000
1517	0.889344	0	20	0.000000
1518	0.889344	0	30	0.000000
1519	0.889344	0	15	0.000000
1520	0.889344	0	25	0.000000
1521	0.889344	0	20	0.000000
1522	0.889344	0	20	0.000000
1523	0.889344	0	25	0.000000
1524	0.889344	0	10	0.000000
1525	0.889344	0	20	0.000000
1526	0.889344	0	20	0.000000
1527	0.889344	0	35	0.000000
1528	0.889344	0	25	0.000000
1529	0.889344	0	50	0.000000
1530	0.889344	0	20	0.000000
1531	0.889344	0	35	0.000000
1532	0.889344	0	20	0.000000
1533	0.889344	0	30	0.000000
1534	0.889344	0	20	0.000000
1535	0.889344	0	35	0.000000
1536	0.889344	0	35	0.000000
1537	0.889344	0	30	0.000000
1538	0.889344	0	40	0.000000
1539	0.889344	0	20	0.000000
1540	0.889344	0	35	0.000000
1541	0.889344	0	20	0.000000
1542	0.889344	0	15	0.000000
1543	0.889344	0	20	0.000000
1544	0.889344	0	20	0.000000
1545	0.889344	0	25	0.000000
1546	0.889344	0	20	0.000000
1547	0.889344	0	5	0.000000
1548	0.889344	0	5	0.000000
1549	0.889344	0	20	0.000000
1550	0.889344	0	0	0.000000
1551	0.889344	0	10	0.000000
1552	0.889344	0	0	0.000000
1553	0.889344	0	0	0.000000
1554	0.889344	0	5	0.000000
1555	0.889344	0	10	0.000000
1556	0.889344	0	5	0.000000
1557	0.889344	0	0	0.000000
1558	0.889344	0	0	0.000000
1559	0.889344	0	0	0.000000
1560	0.889344	0	0	0.000000
1561	0.889344	0	5	0.000000
1562	0.889344	0	5	0.000000
1563	0.889344	0	10	0.000000
1564	0.889344	0	10	0.000000
1565	0.889344	0	20	0.000000
1566	0.889344	0	25	0.000000
1567	0.889344	0	25	0.000000
1568	0.889344	0	10	0.000000
1569	0.889344	0	15	0.000000
1570	0.889344	0	10	0.000000
1571	0.889344	0	5	0.000000
1572	0.889344	0	5	0.000000
1573	0.889344	0	10	0.000000
1574	0.889344	0	5	0.000000
1575	0.889344	0	15	0.000000
1576	0.889344	0	15	0.000000
1577	0.889344	0	10	0.000000
1578	0.889344	0	15	0.000000
1579	0.889344	0	15	0.000000
1580	0.889344	0	20	0.000000
1581	0.889344	0	10	0.000000
1582	0.889344	0	5	0.000000
1583	0.889344	0	15	0.000000
1584	0.889344	0	5	0.000000
1585	0.889344	0	10	0.000000
1586	0.889344	0	0	0.000000
1587	0.889344	0	5	0.000000
1588	0.889344	0	0	0.000000
1589	0.889344	0	5	0.000000
1590	0.889344	0	5	0.000000
1591	0.889344	0	15	0.000000
1592	0.889344	0	10	0.000000
1593	0.889344	0	0	0.000000
1594	0.889344	0	5	0.000000
1595	0.889344	0	5	0.000000
1596	0.889344	0	10	0.000000
1597	0.889344	0	10	0.000000
1598	0.889344	0	5	0.000000
1599	0.889344	0	15	0.000000
1600	0.889344	0	10	0.000000
1601	0.889344	0	0	0.000000
1602	0.889344	0	5	0.000000
1603	0.889344	0	15	0.000000
1604	0.889344	0	15	0.000000
1605	0.889344	0	15	0.000000
1606	0.889344	0	20	0.000000
1607	0.889344	0	25	0.000000
1608	0.889344	0	10	0.000000
1609	0.889344	0	20	0.000000
1610	0.889344	0	10	0.000000
1611	0.889344	0	25	0.000000
1612	0.889344	0	10	0.000000
1613	0.889344	0	5	0.000000
1614	0.889344	0	5	0.000000
1615	0.889344	0	15	0.000000
1616	0.889344	0	5	0.000000
1617	0.889344	0	5	0.000000
1618	0.889344	0	0	0.000000
1619	0.889344	0	0	0.000000
1620	0.889344	0	0	0.000000
1621	0.889344	0	0	0.000000
1622	0.889344	0	5	0.000000
1623	0.889344	0	15	0.000000
1624	0.889344	0	5	0.000000
1625	0.889344	0	10	0.000000
1626	0.889344	0	20	0.000000
1627	0.889344	0	20	0.000000
1628	0.889344	0	25	0.000000
1629	0.889344	0	20	0.000000
1630	0.889344	0	10	0.000000
1631	0.889344	0	15	0.000000
1632	0.889344	0	20	0.000000
1633	0.889344	0	15	0.000000
1634	0.889344	0	20	0.000000
1635	0.889344	0	20	0.000000
1636	0.889344	0	30	0.000000
1637	0.889344	0	10	0.000000
1638	0.889344	0	20	0.000000
1639	0.889344	0	5	0.000000
1640	0.889344	0	5	0.000000
1641	0.889344	0	5	0.000000
1642	0.889344	0	0	0.000000
1643	0.889344	0	15	0.000000
1644	0.889344	0	5	0.000000
1645	0.889344	0	5	0.000000
1646	0.889344	0	5	0.000000
1647	0.889344	0	10	0.000000
1648	0.889344	0	5	0.000000
1649	0.889344	0	20	0.000000
1650	0.889344	0	10	0.000000
1651	0.889344	0	10	0.000000
1652	0.889344	0	15	0.000000
1653	0.889344	0	5	0.000000
1654	0.889344	0	15	0.000000
1655	0.889344	0	20	0.000000
1656	0.889344	0	10	0.000000
1657	0.889344	0	5	0.000000
1658	0.889344	0	10	0.000000
1659	0.889344	0	25	0.000000
1660	0.889344	0	20	0.000000
1661	0.889344	0	10	0.000000
1662	0.889344	0	15	0.000000
1663	0.889344	0	10	0.000000
1664	0.889344	0	20	0.000000
1665	0.889344	0	5	0.000000
1666	0.889344	0	25	0.000000
1667	0.889344	0	10	0.000000
1668	0.889344	0	5	0.000000
1669	0.889344	0	10	0.000000
1670	0.889344	0	10	0.000000
1671	0.889344	0	15	0.000000
1672	0.889344	0	10	0.000000
1673	0.889344	0	25	0.000000
1674	0.889344	0	0	0.000000
1675	0.889344	0	15	0.000000
1676	0.889344	0	5	0.000000
1677	0.889344	0	25	0.000000
1678	0.889344	0	10	0.000000
1679	0.889344	0	20	0.000000
1680	1.000000	0	10	0.000000
1681	1.000000	0	20	0.000000
1682	1.000000	0	5	0.000000
1683	1.000000	0	10	0.000000
1684	1.000000	0	15	0.000000
1685	1.000000	0	25	0.000000
1686	1.000000	0	10	0.000000
1687	1.000000	0	10	0.000000
1688	1.000000	0	10	0.000000
1689	1.000000	0	15	0.000000
1690	1.000000	0	10	0.000000
1691	1.000000	0	25	0.000000
1692	1.000000	0	5	0.000000
1693	1.000000	0	25	0.000000
1694	1.000000	0	10	0.000000
1695	1.000000	0	15	0.000000
1696	1.000000	0	10	0.000000
1697	1.000000	0	25	0.000000
1698	1.000000	0	15	0.000000
1699	1.000000	0	20	0.000000
1700	1.000000	0	15	0.000000
1701	1.000000	0	10	0.000000
1702	1.000000	0	5	0.000000
1703	1.000000	0	5	0.000000
1704	1.000000	0	5	0.000000
1705	1.000000	0	10	0.000000
1706	1.000000	0	25	0.000000
1707	1.000000	0	25	0.000000
1708	1.000000	0	30	0.000000
1709	1.000000	0	20	0.000000
1710	1.000000	0	25	0.000000
1711	1.000000	0	10	0.000000
1712	1.000000	0	10	0.000000
1713	1.000000	0	30	0.000000
1714	1.000000	0	20	0.000000
1715	1.000000	0	20	0.000000
1716	1.000000	0	15	0.000000
1717	1.000000	0	20	0.000000
1718	1.000000	0	15	0.000000
1719	1.000000	0	20	0.000000
1720	1.000000	0	5	0.000000
1721	1.000000	0	10	0.000000
1722	1.000000	0	15	0.000000
1723	1.000000	0	5	0.000000
1724	1.000000	0	10	0.000000
1725	1.000000	0	15	0.000000
1726	1.000000	0	20	0.000000
1727	1.000000	0	10	0.000000
1728	1.000000	0	10	0.000000
1729	1.000000	0	5	0.000000
1730	1.000000	0	5	0.000000
1731	1.000000	0	5	0.000000
1732	1.000000	0	10	0.000000
1733	1.000000	0	5	0.000000
1734	1.000000	0	5	0.000000
1735	1.000000	0	15	0.000000
1736	1.000000	0	10	0.000000
1737	1.000000	0	0	0.000000
1738	1.000000	0	0	0.000000
1739	1.000000	0	5	0.000000
1740	1.000000	0	5	0.000000
1741	1.000000	0	0	0.000000
1742	1.000000	0	0	0.000000
1743	1.000000	0	5	0.000000
1744	1.000000	0	10	0.000000
1745	1.000000	0	5	0.000000
1746	1.000000	0	5	0.000000
1747	1.000000	0	5	0.000000
1748	1.000000	0	10	0.000000
1749	1.000000	0	10	0.000000
1750	1.000000	0	15	0.000000
1751	1.000000	0	10	0.000000
1752	1.000000	0	15	0.000000
1753	1.000000	0	10	0.000000
1754	1.000000	0	15	0.000000
1755	1.000000	0	10	0.000000
1756	1.000000	0	10	0.000000
1757	1.000000	0	5	0.000000
1758	1.000000	0	10	0.000000
1759	1.000000	0	15	0.000000
1760	1.000000	0	5	0.000000
1761	1.000000	0	10	0.000000
1762	1.000000	0	10	0.000000
1763	1.000000	0	10	0.000000
1764	1.000000	0	15	0.000000
1765	1.000000	0	15	0.000000
1766	1.000000	0	10	0.000000
1767	1.000000	0	10	0.000000
1768	1.000000	0	15	0.000000
1769	1.000000	0	15	0.000000
1770	1.000000	0	5	0.000000
1771	1.000000	0	10	0.000000
1772	1.000000	0	10	0.000000
1773	1.000000	0	15	0.000000
1774	1.000000	0	10	0.000000
1775	1.000000	0	20	0.000000
1776	1.000000	0	0	0.000000
1777	1.000000	0	15	0.000000
1778	1.000000	0	5	0.000000
1779	1.000000	0	10	0.000000
1780	1.000000	0	15	0.000000
1781	1.000000	0	15	0.000000
1782	1.000000	0	15	0.000000
1783	1.000000	0	5	0.000000
1784	1.000000	0	20	0.000000
1785	1.000000	0	5	0.000000
1786	1.000000	0	10	0.000000
1787	1.000000	0	15	0.000000
1788	1.000000	0	10	0.000000
1789	1.000000	0	10	0.000000
1790	1.000000	0	20	0.000000
1791	1.000000	0	20	0.000000
1792	1.000000	0	10	0.000000
1793	1.000000	0	5	0.000000
1794	1.000000	0	15	0.000000
1795	1.000000	0	15	0.000000
1796	1.000000	0	20	0.000000
1797	1.000000	0	5	0.000000
1798	1.000000	0	20	0.000000
1799	1.000000	0	20	0.000000
1800	1.000000	0	25	0.000000
1801	1.000000	0	25	0.000000
1802	1.000000	0	10	0.000000
1803	1.000000	0	20	0.000000
1804	1.000000	0	20	0.000000
1805	1.000000	0	15	0.000000
1806	1.000000	0	15	0.000000
1807	1.000000	0	5	0.000000
1808	1.000000	0	15	0.000000
1809	1.000000	0	10	0.000000
1810	1.000000	0	5	0.000000
1811	1.000000	0	20	0.000000
1812	1.000000	0	15	0.000000
1813	1.000000	0	15	0.000000
1814	1.000000	0	15	0.000000
1815	1.000000	0	15	0.000000
1816	1.000000	0	15	0.000000
1817	1.000000	0	15	0.000000
1818	1.000000	0	10	0.000000
1819	1.000000	0	5	0.000000
1820	1.000000	0	15	0.000000
1821	1.000000	0	20	0.000000
1822	1.000000	0	15	0.000000
1823	1.000000	0	15	0.000000
1824	1.000000	0	15	0.000000
1825	1.000000	0	25	0.000000
1826	1.000000	0	25	0.000000
1827	1.000000	0	25	0.000000
1828	1.000000	0	15	0.000000
1829	1.000000	0	20	0.000000
1830	1.000000	0	25	0.000000
1831	1.000000	0	15	0.000000
1832	1.000000	0	25	0.000000
1833	1.000000	0	10	0.000000
1834	1.000000	0	5	0.000000
1835	1.000000	0	25	0.000000
1836	1.000000	0	10	0.000000
1837	1.000000	0	10	0.000000
1838	1.000000	0	10	0.000000
1839	1.000000	0	10	0.000000
1840	1.000000	0	10	0.000000
1841	1.000000	0	5	0.000000
1842	1.000000	0	25	0.000000
1843	1.000000	0	10	0.000000
1844	1.000000	0	5	0.000000
1845	1.000000	0	5	0.000000
1846	1.000000	0	5	0.000000
1847	1.000000	0	10	0.000000
1848	1.000000	0	5	0.000000
1849	1.000000	0	10	0.000000
1850	1.000000	0	5	0.000000
1851	1.000000	0	5	0.000000
1852	1.000000	0	5	0.000000
1853	1.000000	0	5	0.000000
1854	1.000000	0	10	0.000000
1855	1.000000	0	10	0.000000
1856	1.000000	0	10	0.000000
1857	1.000000	0	0	0.000000
1858	1.000000	0	10	0.000000
1859	1.000000	0	10	0.000000
1860	1.000000	0	10	0.000000
1861	1.000000	0	10	0.000000
1862	1.000000	0	20	0.000000
1863	1.000000	0	15	0.000000
1864	1.000000	0	20	0.000000
1865	1.000000	0	5	0.000000
1866	1.000000	0	15	0.000000
1867	1.000000	0	15	0.000000
1868	1.000000	0	20	0.000000
1869	1.000000	0	10	0.000000
1870	1.000000	0	25	0.000000
1871	1.000000	0	10	0.000000
1872	1.000000	0	5	0.000000
1873	1.000000	0	10	0.000000
1874	1.000000	0	5	0.000000
1875	1.000000	0	15	0.000000
1876	1.000000	0	15	0.000000
1877	1.000000	0	15	0.000000
1878	1.000000	0	5	0.000000
1879	1.000000	0	10	0.000000
1880	1.000000	0	5	0.000000
1881	1.000000	0	20	0.000000
1882	1.000000	0	15	0.000000
1883	1.000000	0	5	0.000000
1884	1.000000	0	15	0.000000
1885	1.000000	0	15	0.000000
1886	1.000000	0	5	0.000000
1887	1.000000	0	15	0.000000
1888	1.000000	0	10	0.000000
1889	1.000000	0	20	0.000000
1890	1.000000	0	10	0.000000
1891	1.000000	0	10	0.000000
1892	1.000000	0	15	0.000000
1893	1.000000	0	15	0.000000
1894	1.000000	0	15	0.000000
1895	1.000000	0	10	0.000000
1896	1.000000	0	10	0.000000
1897	1.000000	0	25	0.000000
1898	1.000000	0	10	0.000000
1899	1.000000	0	20	0.000000
1900	1.000000	0	10	0.000000
1901	1.000000	0	10	0.000000
1902	1.000000	0	15	0.000000
1903	1.000000	0	15	0.000000
1904	1.000000	0	15	0.000000
1905	1.000000	0	15	0.000000
1906	1.000000	0	10	0.000000
1907	1.000000	0	10	0.000000
1908	1.000000	0	10	0.000000
1909	1.000000	0	15	0.000000
1910	1.000000	0	10	0.000000
1911	1.000000	0	15	0.000000
1912	1.000000	0	10	0.000000
1913	1.000000	0	10	0.000000
1914	1.000000	0	10	0.000000
1915	1.000000	0	5	0.000000
1916	1.000000	0	5	0.000000
1917	1.000000	0	10	0.000000
1918	1.000000	0	10	0.000000
1919	1.000000	0	10	0.000000
1920	1.000000	0	10	0.000000
1921	1.000000	0	0	0.000000
1922	1.000000	0	0	0.000000
1923	1.000000	0	10	0.000000
1924	1.000000	0	5	0.000000
1925	1.000000	0	10	0.000000
1926	1.000000	0	5	0.000000
1927	1.000000	0	5	0.000000
1928	1.000000	0	0	0.000000
1929	1.000000	0	5	0.000000
1930	1.000000	0	0	0.000000
1931	1.000000	0	0	0.000000
1932	1.000000	0	5	0.000000
1933	1.000000	0	5	0.000000
1934	1.000000	0	15	0.000000
1935	1.000000	0	5	0.000000
1936	1.000000	0	0	0.000000
1937	1.000000	0	15	0.000000
1938	1.000000	0	15	0.000000
1939	1.000000	0	10	0.000000
1940	1.000000	0	15	0.000000
1941	1.000000	0	15	0.000000
1942	1.000000	0	5	0.000000
1943	1.000000	0	10	0.000000
1944	1.000000	0	15	0.000000
1945	1.000000	0	5	0.000000
1946	1.000000	0	10	0.000000
1947	1.000000	0	10	0.000000
1948	1.000000	0	5	0.000000
1949	1.000000	0	10	0.000000
1950	1.000000	0	15	0.000000
1951	1.000000	0	5	0.000000
1952	1.000000	0	0	0.000000
1953	1.000000	0	10	0.000000
1954	1.000000	0	10	0.000000
1955	1.000000	0	5	0.000000
1956	1.000000	0	15	0.000000
1957	1.000000	0	25	0.000000
1958	1.000000	0	5	0.000000
1959	1.000000	0	20	0.000000
1960	1.000000	0	25	0.000000
1961	1.000000	0	25	0.000000
1962	1.000000	0	25	0.000000
1963	1.000000	0	15	0.000000
1964	1.000000	0	15	0.000000
1965	1.000000	0	20	0.000000
1966	1.000000	0	15	0.000000
1967	1.000000	0	15	0.000000
1968	1.000000	0	20	0.000000
1969	1.000000	0	20	0.000000
1970	1.000000	0	5	0.000000
1971	1.000000	0	10	0.000000
1972	1.000000	0	25	0.000000
1973	1.000000	0	15	0.000000
1974	1.000000	0	15	0.000000
1975	1.000000	0	10	0.000000
1976	1.000000	0	25	0.000000
1977	1.000000	0	15	0.000000
1978	1.000000	0	15	0.000000
1979	1.000000	0	10	0.000000
1980	1.000000	0	15	0.000000
1981	1.000000	0	20	0.000000
1982	1.000000	0	15	0.000000
1983	1.000000	0	20	0.000000
1984	1.000000	0	25	0.000000
1985	1.000000	0	20	0.000000
1986	1.000000	0	20	0.000000
1987	1.000000	0	15	0.000000
1988	1.000000	0	25	0.000000
1989	1.000000	0	25	0.000000
1990	1.000000	0	25	0.000000
1991	1.000000	0	20	0.000000
1992	1.000000	0	25	0.000000
1993	1.000000	0	25	0.000000
1994	1.000000	0	15	0.000000
1995	1.000000	0	10	0.000000
1996	1.000000	0	20	0.000000
1997	1.000000	0	15	0.000000
1998	1.000000	0	10	0.000000
1999	1.000000	0	20	0.000000
2000	1.000000	0	25	0.000000
2001	1.000000	0	15	0.000000
2002	1.000000	0	15	0.000000
2003	1.000000	0	10	0.000000
2004	1.000000	0	10	0.000000
2005	1.000000	0	15	0.000000
2006	1.000000	0	15	0.000000
2007	1.000000	0	15	0.000000
2008	1.000000	0	5	0.000000
2009	1.000000	0	15	0.000000
2010	1.000000	0	15	0.000000
2011	1.000000	0	20	0.000000
2012	1.000000	0	15	0.000000
2013	1.000000	0	15	0.000000
2014	1.000000	0	20	0.000000
2015	1.000000	0	20	0.000000
2016	1.000000	0	10	0.000000
2017	1.000000	0	5	0.000000
2018	1.000000	0	10	0.000000
2019	1.000000	0	15	0.000000
2020	1.000000	0	10	0.000000
2021	1.000000	0	5	0.000000
2022	1.000000	0	20	0.000000
2023	1.000000	0	15	0.000000
2024	1.000000	0	20	0.000000
2025	1.000000	0	15	0.000000
2026	1.000000	0	15	0.000000
2027	1.000000	0	5	0.000000
2028	1.000000	0	15	0.000000
2029	1.000000	0	5	0.000000
2030	1.000000	0	5	0.000000
2031	1.000000	0	15	0.000000
2032	1.000000	0	5	0.000000
2033	1.000000	0	15	0.000000
2034	1.000000	0	15	0.000000
2035	1.000000	0	15	0.000000
2036	1.000000	0	10	0.000000
2037	1.000000	0	5	0.000000
2038	1.000000	0	10	0.000000
2039	1.000000	0	15	0.000000
2040	1.000000	0	5	0.000000
2041	1.000000	0	10	0.000000
2042	1.000000	0	15	0.000000
2043	1.000000	0	10	0.000000
2044	1.000000	0	10	0.000000
2045	1.000000	0	0	0.000000
2046	1.000000	0	5	0.000000
2047	1.000000	0	15	0.000000
2048	1.000000	0	5	0.000000
2049	1.000000	0	5	0.000000
2050	1.000000	0	5	0.000000
2051	1.000000	0	10	0.000000
2052	1.000000	0	10	0.000000
2053	1.000000	0	25	0.000000
2054	1.000000	0	25	0.000000
2055	1.000000	0	5	0.000000
2056	1.000000	0	10	0.000000
2057	1.000000	0	20	0.000000
2058	1.000000	0	10	0.000000
2059	1.000000	0	15	0.000000
2060	1.000000	0	15	0.000000
2061	1.000000	0	15	0.000000
2062	1.000000	0	15	0.000000
2063	1.000000	0	5	0.000000
2064	1.000000	0	5	0.000000
2065	1.000000	0	20	0.000000
2066	1.000000	0	20	0.000000
2067	1.000000	0	15	0.000000
2068	1.000000	0	20	0.000000
2069	1.000000	0	20	0.000000
2070	1.000000	0	5	0.000000
2071	1.000000	0	10	0.000000
2072	1.000000	0	15	0.000000
2073	1.000000	0	15	0.000000
2074	1.000000	0	10	0.000000
2075	1.000000	0	5	0.000000
2076	1.000000	0	15	0.000000
2077	1.000000	0	25	0.000000
2078	1.000000	0	15	0.000000
2079	1.000000	0	20	0.000000
2080	1.000000	0	5	0.000000
2081	1.000000	0	10	0.000000
2082	1.000000	0	5	0.000000
2083	1.000000	0	5	0.000000
2084	1.000000	0	10	0.000000
2085	1.000000	0	5	0.000000
2086	1.000000	0	5	0.000000
2087	1.000000	0	0	0.000000
2088	1.000000	0	15	0.000000
2089	1.000000	0	20	0.000000
2090	1.000000	0	5	0.000000
2091	1.000000	0	10	0.000000
2092	1.000000	0	10	0.000000
2093	1.000000	0	5	0.000000
2094	1.000000	0	10	0.000000
2095	1.000000	0	10	0.000000
2096	1.000000	0	15	0.000000
2097	1.000000	0	0	0.000000
2098	1.000000	0	15	0.000000
2099	1.000000	0	10	0.000000
2100	1.000000	0	10	0.000000
2101	1.000000	0	10	0.000000
2102	1.000000	0	10	0.000000
2103	1.000000	0	10	0.000000
2104	1.000000	0	5	0.000000
2105	1.000000	0	15	0.000000
2106	1.000000	0	15	0.000000
2107	1.000000	0	15	0.000000
2108	1.000000	0	5	0.000000
2109	1.000000	0	0	0.000000
2110	1.000000	0	15	0.000000
2111	1.000000	0	20	0.000000
2112	1.000000	0	10	0.000000
2113	1.000000	0	10	0.000000
2114	1.000000	0	10	0.000000
2115	1.000000	0	20	0.000000
2116	1.000000	0	15	0.000000
2117	1.000000	0	10	0.000000
2118	1.000000	0	20	0.000000
2119	1.000000	0	25	0.000000
2120	1.000000	0	20	0.000000
2121	1.000000	0	15	0.000000
2122	1.000000	0	15	0.000000
2123	1.000000	0	20	0.000000
2124	1.000000	0	15	0.000000
2125	1.000000	0	20	0.000000
2126	1.000000	0	25	0.000000
2127	1.000000	0	15	0.000000
2128	1.000000	0	10	0.000000
2129	1.000000	0	25	0.000000
2130	1.000000	0	20	0.000000
2131	1.000000	0	5	0.000000
2132	1.000000	0	15	0.000000
2133	1.000000	0	20	0.000000
2134	1.000000	0	10	0.000000
2135	1.000000	0	25	0.000000
2136	1.000000	0	10	0.000000
2137	1.000000	0	15	0.000000
2138	1.000000	0	20	0.000000
2139	1.000000	0	10	0.000000
2140	1.000000	0	20	0.000000
2141	1.000000	0	25	0.000000
2142	1.000000	0	15	0.000000
2143	1.000000	0	10	0.000000
2144	1.000000	0	20	0.000000
2145	1.000000	0	20	0.000000
2146	1.000000	0	10	0.000000
2147	1.000000	0	15	0.000000
2148	1.000000	0	30	0.000000
2149	1.000000	0	10	0.000000
2150	1.000000	0	15	0.000000
2151	1.000000	0	20	0.000000
2152	1.000000	0	15	0.000000
2153	1.000000	0	20	0.000000
2154	1.000000	0	15	0.000000
2155	1.000000	0	20	0.000000
2156	1.000000	0	10	0.000000
2157	1.000000	0	25	0.000000
2158	1.000000	0	20	0.000000
2159	1.000000	0	25	0.000000
2160	1.000000	0	10	0.000000
2161	1.000000	0	10	0.000000
2162	1.000000	0	15	0.000000
2163	1.000000	0	10	0.000000
2164	1.000000	0	5	0.000000
2165	1.000000	0	15	0.000000
2166	1.000000	0	10	0.000000
2167	1.000000	0	10	0.000000
2168	1.000000	0	10	0.000000
2169	1.000000	0	15	0.000000
2170	1.000000	0	5	0.000000
2171	1.000000	0	15	0.000000
2172	1.000000	0	10	0.000000
2173	1.000000	0	5	0.000000
2174	1.000000	0	0	0.000000
2175	1.000000	0	0	0.000000
2176	1.000000	0	15	0.000000
2177	1.000000	0	0	0.000000
2178	1.000000	0	10	0.000000
2179	1.000000	0	15	0.000000
