0	0.161402	0	0	0.000000
1	0.160714	0	485	0.000000
2	0.159456	0	460	0.000000
3	0.158958	0	490	0.000000
4	0.162851	0	440	0.000000
5	0.162119	0	470	0.000000
6	0.162119	0	475	0.000000
7	0.162119	0	490	0.000000
8	0.158363	0	460	0.000000
9	0.156631	0	485	0.000000
10	0.159456	0	450	0.000000
11	0.159060	0	425	0.000000
12	0.159163	0	480	0.000000
13	0.159734	0	435	0.000000
14	0.158651	0	465	0.000000
15	0.160290	0	435	0.000000
16	0.159734	0	465	0.000000
17	0.160978	0	450	0.000000
18	0.161266	0	460	0.000000
19	0.160568	0	480	0.000000
20	0.161100	0	460	0.000000
21	0.160568	0	490	0.000000
22	0.160568	0	475	0.000000
23	0.160568	0	460	0.000000
24	0.158489	0	460	0.000000
25	0.158753	0	470	0.000000
26	0.159778	0	450	0.000000
27	0.162993	0	445	0.000000
28	0.161607	0	460	0.000000
29	0.162388	0	475	0.000000
30	0.163042	0	455	0.000000
31	0.168896	0	445	0.000000
32	0.163164	0	475	0.000000
33	0.164578	0	450	0.000000
34	0.164578	0	445	0.000000
35	0.159695	0	445	0.000000
36	0.159265	0	440	0.000000
37	0.155933	0	460	0.000000
38	0.159353	0	450	0.000000
39	0.172385	0	450	0.000000
40	0.159265	0	435	0.000000
41	0.160280	0	430	0.000000
42	0.160085	0	435	0.000000
43	0.157728	0	445	0.000000
44	0.160480	0	465	0.000000
45	0.161607	0	445	0.000000
46	0.161607	0	465	0.000000
47	0.162110	0	455	0.000000
48	0.161607	0	455	0.000000
49	0.163125	0	445	0.000000
50	0.163144	0	450	0.000000
51	0.163144	0	485	0.000000
52	0.162632	0	480	0.000000
53	0.163144	0	470	0.000000
54	0.162632	0	465	0.000000
55	0.163144	0	475	0.000000
56	0.162632	0	450	0.000000
57	0.163144	0	455	0.000000
58	0.162632	0	450	0.000000
59	0.163144	0	460	0.000000
60	0.162632	0	465	0.000000
61	0.164920	0	455	0.000000
62	0.164920	0	440	0.000000
63	0.164920	0	490	0.000000
64	0.164920	0	440	0.000000
65	0.160056	0	460	0.000000
66	0.162632	0	450	0.000000
67	0.161724	0	485	0.000000
68	0.159353	0	455	0.000000
69	0.158992	0	440	0.000000
70	0.158348	0	435	0.000000
71	0.157938	0	455	0.000000
72	0.158548	0	450	0.000000
73	0.158743	0	460	0.000000
74	0.158963	0	445	0.000000
75	0.163090	0	435	0.000000
76	0.160822	0	450	0.000000
77	0.158963	0	450	0.000000
78	0.161812	0	460	0.000000
79	0.164461	0	475	0.000000
80	0.161812	0	460	0.000000
81	0.161812	0	475	0.000000
82	0.162207	0	460	0.000000
83	0.161812	0	480	0.000000
84	0.165447	0	420	0.000000
85	0.161812	0	470	0.000000
86	0.160514	0	465	0.000000
87	0.161812	0	445	0.000000
88	0.159133	0	430	0.000000
89	0.161812	0	475	0.000000
90	0.161022	0	470	0.000000
91	0.160787	0	465	0.000000
92	0.161046	0	440	0.000000
93	0.158436	0	465	0.000000
94	0.163159	0	465	0.000000
95	0.159543	0	455	0.000000
96	0.158460	0	445	0.000000
97	0.162583	0	455	0.000000
98	0.278952	0	450	0.000000
99	0.163349	0	440	0.000000
100	0.163349	0	460	0.000000
101	0.163349	0	455	0.000000
102	0.163349	0	460	0.000000
103	0.163349	0	465	0.000000
104	0.159885	0	455	0.000000
105	0.162398	0	460	0.000000
106	0.161183	0	455	0.000000
107	0.161183	0	465	0.000000
108	0.161183	0	450	0.000000
109	0.162881	0	465	0.000000
110	0.163793	0	445	0.000000
111	0.160773	0	470	0.000000
112	0.161915	0	465	0.000000
113	0.162939	0	455	0.000000
114	0.166657	0	460	0.000000
115	0.159885	0	465	0.000000
116	0.158416	0	475	0.000000
117	0.277113	0	465	0.000000
118	0.156592	0	475	0.000000
119	0.160480	0	450	0.000000
120	0.159968	0	450	0.000000
121	0.158685	0	430	0.000000
122	0.156689	0	465	0.000000
123	0.164700	0	420	0.000000
124	0.165823	0	490	0.000000
125	0.161436	0	450	0.000000
126	0.161436	0	465	0.000000
127	0.162271	0	445	0.000000
128	0.159075	0	450	0.000000
129	0.162271	0	440	0.000000
130	0.161314	0	450	0.000000
131	0.159075	0	430	0.000000
132	0.276581	0	480	0.000000
133	0.165310	0	490	0.000000
134	0.159075	0	475	0.000000
135	0.157767	0	465	0.000000
136	0.161505	0	450	0.000000
137	0.160992	0	450	0.000000
138	0.161402	0	420	0.000000
139	0.160992	0	445	0.000000
140	0.156757	0	440	0.000000
141	0.158465	0	425	0.000000
142	0.158650	0	465	0.000000
143	0.161915	0	470	0.000000
144	0.162271	0	460	0.000000
145	0.163451	0	445	0.000000
146	0.162051	0	425	0.000000
147	0.160583	0	450	0.000000
148	0.160583	0	440	0.000000
149	0.162256	0	445	0.000000
150	0.162256	0	450	0.000000
151	0.162256	0	445	0.000000
152	0.160802	0	420	0.000000
153	0.276893	0	445	0.000000
154	0.163676	0	410	0.000000
155	0.162256	0	435	0.000000
156	0.164066	0	460	0.000000
157	0.161724	0	430	0.000000
158	0.161724	0	470	0.000000
159	0.161724	0	415	0.000000
160	0.161915	0	450	0.000000
161	0.161724	0	425	0.000000
162	0.170600	0	435	0.000000
163	0.161724	0	425	0.000000
164	0.161724	0	425	0.000000
165	0.161724	0	450	0.000000
166	0.161724	0	450	0.000000
167	0.161724	0	460	0.000000
168	0.160583	0	425	0.000000
169	0.164900	0	455	0.000000
170	0.160992	0	465	0.000000
171	0.162256	0	455	0.000000
172	0.164578	0	455	0.000000
173	0.159646	0	435	0.000000
174	0.162256	0	455	0.000000
175	0.162529	0	415	0.000000
176	0.162529	0	415	0.000000
177	0.162529	0	415	0.000000
178	0.162529	0	420	0.000000
179	0.162529	0	440	0.000000
180	0.162778	0	440	0.000000
181	0.168106	0	465	0.000000
182	0.168106	0	445	0.000000
183	0.168106	0	460	0.000000
184	0.168106	0	390	0.000000
185	0.168106	0	410	0.000000
186	0.165837	0	435	0.000000
187	0.162051	0	445	0.000000
188	0.162051	0	430	0.000000
189	0.163876	0	420	0.000000
190	0.163876	0	410	0.000000
191	0.166979	0	435	0.000000
192	0.164798	0	390	0.000000
193	0.164871	0	420	0.000000
194	0.169633	0	390	0.000000
195	0.165823	0	405	0.000000
196	0.164871	0	400	0.000000
197	0.164871	0	415	0.000000
198	0.164871	0	385	0.000000
199	0.164871	0	395	0.000000
200	0.164388	0	415	0.000000
201	0.165398	0	415	0.000000
202	0.281660	0	390	0.000000
203	0.170521	0	400	0.000000
204	0.279879	0	420	0.000000
205	0.279879	0	350	0.000000
206	0.279879	0	410	0.000000
207	0.279879	0	360	0.000000
208	0.279879	0	405	0.000000
209	0.279879	0	385	0.000000
210	0.279879	0	380	0.000000
211	0.279879	0	380	0.000000
212	0.280582	0	380	0.000000
213	0.280582	0	405	0.000000
214	0.280582	0	410	0.000000
215	0.280582	0	375	0.000000
216	0.280582	0	380	0.000000
217	0.280582	0	335	0.000000
218	0.280582	0	345	0.000000
219	0.283041	0	380	0.000000
220	0.283041	0	385	0.000000
221	0.280582	0	395	0.000000
222	0.280582	0	370	0.000000
223	0.280582	0	365	0.000000
224	0.288012	0	365	0.000000
225	0.288012	0	370	0.000000
226	0.288012	0	360	0.000000
227	0.288012	0	370	0.000000
228	0.285553	0	380	0.000000
229	0.288012	0	340	0.000000
230	0.288012	0	340	0.000000
231	0.284529	0	420	0.000000
232	0.284529	0	370	0.000000
233	0.284529	0	380	0.000000
234	0.281216	0	380	0.000000
235	0.281216	0	390	0.000000
236	0.281216	0	390	0.000000
237	0.281216	0	365	0.000000
238	0.281216	0	385	0.000000
239	0.281216	0	400	0.000000
240	0.281094	0	390	0.000000
241	0.281094	0	385	0.000000
242	0.281094	0	375	0.000000
243	0.281094	0	365	0.000000
244	0.281094	0	405	0.000000
245	0.281094	0	360	0.000000
246	0.282411	0	360	0.000000
247	0.281811	0	340	0.000000
248	0.281811	0	345	0.000000
249	0.281811	0	355	0.000000
250	0.281811	0	350	0.000000
251	0.281811	0	340	0.000000
252	0.281811	0	385	0.000000
253	0.282992	0	335	0.000000
254	0.282992	0	335	0.000000
255	0.282992	0	355	0.000000
256	0.282992	0	345	0.000000
257	0.283314	0	355	0.000000
258	0.282992	0	350	0.000000
259	0.282992	0	350	0.000000
260	0.282992	0	340	0.000000
261	0.282992	0	350	0.000000
262	0.282992	0	345	0.000000
263	0.282992	0	340	0.000000
264	0.282992	0	320	0.000000
265	0.282992	0	315	0.000000
266	0.282992	0	300	0.000000
267	0.282992	0	330	0.000000
268	0.282992	0	300	0.000000
269	0.283826	0	330	0.000000
270	0.283826	0	335	0.000000
271	0.283826	0	340	0.000000
272	0.283826	0	330	0.000000
273	0.298683	0	320	0.000000
274	0.298683	0	315	0.000000
275	0.298683	0	315	0.000000
276	0.298683	0	310	0.000000
277	0.298683	0	300	0.000000
278	0.298683	0	310	0.000000
279	0.298683	0	310	0.000000
280	0.299005	0	300	0.000000
281	0.299005	0	330	0.000000
282	0.299005	0	305	0.000000
283	0.298683	0	300	0.000000
284	0.298683	0	290	0.000000
285	0.298683	0	320	0.000000
286	0.298683	0	315	0.000000
287	0.298683	0	300	0.000000
288	0.298683	0	320	0.000000
289	0.298683	0	330	0.000000
290	0.298683	0	315	0.000000
291	0.298683	0	360	0.000000
292	0.298683	0	290	0.000000
293	0.297248	0	280	0.000000
294	0.297248	0	275	0.000000
295	0.297248	0	300	0.000000
296	0.297248	0	325	0.000000
297	0.297248	0	340	0.000000
298	0.297248	0	305	0.000000
299	0.297248	0	280	0.000000
300	0.297248	0	250	0.000000
301	0.297248	0	300	0.000000
302	0.297248	0	275	0.000000
303	0.297248	0	285	0.000000
304	0.297248	0	290	0.000000
305	0.297248	0	305	0.000000
306	0.297248	0	320	0.000000
307	0.297248	0	335	0.000000
308	0.297248	0	305	0.000000
309	0.297248	0	315	0.000000
310	0.297248	0	295	0.000000
311	0.297248	0	280	0.000000
312	0.297248	0	300	0.000000
313	0.297248	0	315	0.000000
314	0.297248	0	320	0.000000
315	0.298683	0	315	0.000000
316	0.298683	0	295	0.000000
317	0.298683	0	285	0.000000
318	0.298683	0	270	0.000000
319	0.298683	0	325	0.000000
320	0.298683	0	285	0.000000
321	0.298683	0	305	0.000000
322	0.298683	0	275	0.000000
323	0.298683	0	250	0.000000
324	0.298683	0	280	0.000000
325	0.298683	0	295	0.000000
326	0.298683	0	265	0.000000
327	0.298683	0	295	0.000000
328	0.298683	0	290	0.000000
329	0.298683	0	305	0.000000
330	0.298683	0	290	0.000000
331	0.298683	0	305	0.000000
332	0.298683	0	280	0.000000
333	0.298683	0	260	0.000000
334	0.298683	0	310	0.000000
335	0.304420	0	305	0.000000
336	0.304420	0	340	0.000000
337	0.304420	0	335	0.000000
338	0.304420	0	295	0.000000
339	0.304420	0	280	0.000000
340	0.304420	0	275	0.000000
341	0.304420	0	275	0.000000
342	0.304420	0	290	0.000000
343	0.304420	0	315	0.000000
344	0.304420	0	250	0.000000
345	0.304420	0	280	0.000000
346	0.304420	0	270	0.000000
347	0.304420	0	245	0.000000
348	0.304420	0	230	0.000000
349	0.304420	0	260	0.000000
350	0.304420	0	290	0.000000
351	0.304420	0	245	0.000000
352	0.304420	0	240	0.000000
353	0.304420	0	230	0.000000
354	0.304420	0	220	0.000000
355	0.304420	0	265	0.000000
356	0.304420	0	240	0.000000
357	0.304420	0	250	0.000000
358	0.304420	0	215	0.000000
359	0.304420	0	245	0.000000
360	0.304742	0	255	0.000000
361	0.304742	0	220	0.000000
362	0.304742	0	230	0.000000
363	0.304742	0	275	0.000000
364	0.304742	0	270	0.000000
365	0.304742	0	290	0.000000
366	0.304742	0	290	0.000000
367	0.304742	0	280	0.000000
368	0.304742	0	280	0.000000
369	0.304742	0	290	0.000000
370	0.306499	0	275	0.000000
371	0.304742	0	275	0.000000
372	0.304742	0	205	0.000000
373	0.304742	0	245	0.000000
374	0.304742	0	265	0.000000
375	0.304742	0	260	0.000000
376	0.401654	0	255	0.000000
377	0.403923	0	265	0.000000
378	0.403923	0	290	0.000000
379	0.403923	0	245	0.000000
380	0.403923	0	240	0.000000
381	0.403923	0	275	0.000000
382	0.403923	0	260	0.000000
383	0.403923	0	245	0.000000
384	0.403923	0	280	0.000000
385	0.405357	0	230	0.000000
386	0.405357	0	230	0.000000
387	0.405357	0	255	0.000000
388	0.405357	0	245	0.000000
389	0.405357	0	235	0.000000
390	0.405357	0	250	0.000000
391	0.405357	0	195	0.000000
392	0.405357	0	225	0.000000
393	0.405357	0	205	0.000000
394	0.405357	0	240	0.000000
395	0.409338	0	225	0.000000
396	0.405357	0	245	0.000000
397	0.405357	0	235	0.000000
398	0.405357	0	235	0.000000
399	0.405357	0	265	0.000000
400	0.405357	0	255	0.000000
401	0.405357	0	255	0.000000
402	0.406382	0	265	0.000000
403	0.406382	0	215	0.000000
404	0.406382	0	210	0.000000
405	0.407406	0	235	0.000000
406	0.407406	0	185	0.000000
407	0.407406	0	225	0.000000
408	0.407406	0	235	0.000000
409	0.407406	0	245	0.000000
410	0.425029	0	215	0.000000
411	0.425029	0	220	0.000000
412	0.425029	0	225	0.000000
413	0.425029	0	185	0.000000
414	0.425029	0	225	0.000000
415	0.425029	0	270	0.000000
416	0.425029	0	195	0.000000
417	0.425029	0	185	0.000000
418	0.425029	0	270	0.000000
419	0.425029	0	240	0.000000
420	0.425029	0	245	0.000000
421	0.425029	0	215	0.000000
422	0.425029	0	250	0.000000
423	0.425029	0	270	0.000000
424	0.425029	0	250	0.000000
425	0.425029	0	280	0.000000
426	0.425029	0	225	0.000000
427	0.425029	0	245	0.000000
428	0.425029	0	250	0.000000
429	0.425029	0	205	0.000000
430	0.425029	0	250	0.000000
431	0.425029	0	240	0.000000
432	0.422570	0	225	0.000000
433	0.422570	0	240	0.000000
434	0.422570	0	255	0.000000
435	0.422570	0	245	0.000000
436	0.422570	0	195	0.000000
437	0.422570	0	240	0.000000
438	0.422570	0	210	0.000000
439	0.422570	0	240	0.000000
440	0.422570	0	235	0.000000
441	0.416833	0	220	0.000000
442	0.416833	0	195	0.000000
443	0.418150	0	190	0.000000
444	0.418150	0	205	0.000000
445	0.418150	0	220	0.000000
446	0.418150	0	190	0.000000
447	0.418150	0	215	0.000000
448	0.418150	0	225	0.000000
449	0.418150	0	185	0.000000
450	0.418150	0	210	0.000000
451	0.418150	0	200	0.000000
452	0.418150	0	205	0.000000
453	0.421121	0	190	0.000000
454	0.421121	0	190	0.000000
455	0.427561	0	225	0.000000
456	0.427561	0	220	0.000000
457	0.427561	0	220	0.000000
458	0.427561	0	195	0.000000
459	0.427561	0	245	0.000000
460	0.427561	0	215	0.000000
461	0.427561	0	200	0.000000
462	0.427561	0	180	0.000000
463	0.427561	0	205	0.000000
464	0.427561	0	205	0.000000
465	0.427561	0	215	0.000000
466	0.421955	0	225	0.000000
467	0.421955	0	215	0.000000
468	0.421955	0	205	0.000000
469	0.421955	0	265	0.000000
470	0.421955	0	230	0.000000
471	0.421955	0	255	0.000000
472	0.421955	0	190	0.000000
473	0.421955	0	185	0.000000
474	0.421955	0	205	0.000000
475	0.421955	0	255	0.000000
476	0.421955	0	210	0.000000
477	0.421955	0	220	0.000000
478	0.421955	0	255	0.000000
479	0.421955	0	175	0.000000
480	0.421955	0	245	0.000000
481	0.421955	0	175	0.000000
482	0.421955	0	195	0.000000
483	0.421955	0	195	0.000000
484	0.421955	0	170	0.000000
485	0.421955	0	180	0.000000
486	0.421955	0	230	0.000000
487	0.421955	0	220	0.000000
488	0.421955	0	190	0.000000
489	0.421955	0	230	0.000000
490	0.421955	0	240	0.000000
491	0.421955	0	245	0.000000
492	0.421955	0	210	0.000000
493	0.421955	0	245	0.000000
494	0.421955	0	205	0.000000
495	0.421955	0	225	0.000000
496	0.421955	0	255	0.000000
497	0.421955	0	220	0.000000
498	0.422570	0	235	0.000000
499	0.422570	0	190	0.000000
500	0.422570	0	195	0.000000
501	0.422570	0	150	0.000000
502	0.422570	0	200	0.000000
503	0.422570	0	175	0.000000
504	0.422570	0	190	0.000000
505	0.422570	0	195	0.000000
506	0.422570	0	185	0.000000
507	0.422570	0	195	0.000000
508	0.422570	0	185	0.000000
509	0.422570	0	190	0.000000
510	0.422570	0	170	0.000000
511	0.422570	0	185	0.000000
512	0.422570	0	210	0.000000
513	0.523019	0	195	0.000000
514	0.523019	0	230	0.000000
515	0.523019	0	205	0.000000
516	0.523634	0	245	0.000000
517	0.523019	0	205	0.000000
518	0.523019	0	230	0.000000
519	0.422570	0	170	0.000000
520	0.422570	0	195	0.000000
521	0.422570	0	185	0.000000
522	0.422570	0	190	0.000000
523	0.422570	0	170	0.000000
524	0.422570	0	185	0.000000
525	0.426347	0	230	0.000000
526	0.426347	0	170	0.000000
527	0.426347	0	190	0.000000
528	0.426347	0	195	0.000000
529	0.426347	0	175	0.000000
530	0.426347	0	180	0.000000
531	0.426347	0	205	0.000000
532	0.426347	0	195	0.000000
533	0.426347	0	205	0.000000
534	0.426347	0	210	0.000000
535	0.426347	0	195	0.000000
536	0.422570	0	160	0.000000
537	0.426347	0	225	0.000000
538	0.426347	0	200	0.000000
539	0.426347	0	170	0.000000
540	0.426347	0	180	0.000000
541	0.427049	0	205	0.000000
542	0.427049	0	185	0.000000
543	0.427049	0	185	0.000000
544	0.427049	0	170	0.000000
545	0.529318	0	200	0.000000
546	0.529318	0	155	0.000000
547	0.529318	0	170	0.000000
548	0.529318	0	185	0.000000
549	0.529318	0	165	0.000000
550	0.529318	0	140	0.000000
551	0.529318	0	160	0.000000
552	0.529318	0	200	0.000000
553	0.529318	0	195	0.000000
554	0.529318	0	170	0.000000
555	0.529640	0	185	0.000000
556	0.530752	0	195	0.000000
557	0.530752	0	195	0.000000
558	0.530752	0	180	0.000000
559	0.532480	0	175	0.000000
560	0.532480	0	200	0.000000
561	0.532480	0	200	0.000000
562	0.532480	0	180	0.000000
563	0.532480	0	160	0.000000
564	0.532480	0	165	0.000000
565	0.532480	0	155	0.000000
566	0.532480	0	135	0.000000
567	0.532480	0	175	0.000000
568	0.532480	0	150	0.000000
569	0.532480	0	140	0.000000
570	0.532480	0	180	0.000000
571	0.532480	0	165	0.000000
572	0.532480	0	170	0.000000
573	0.532480	0	175	0.000000
574	0.532480	0	165	0.000000
575	0.532480	0	165	0.000000
576	0.534119	0	200	0.000000
577	0.534119	0	165	0.000000
578	0.539857	0	170	0.000000
579	0.640027	0	155	0.000000
580	0.641735	0	190	0.000000
581	0.640027	0	175	0.000000
582	0.641462	0	150	0.000000
583	0.640027	0	170	0.000000
584	0.640027	0	125	0.000000
585	0.640027	0	125	0.000000
586	0.640027	0	170	0.000000
587	0.640027	0	165	0.000000
588	0.640027	0	145	0.000000
589	0.640027	0	190	0.000000
590	0.640027	0	175	0.000000
591	0.640027	0	160	0.000000
592	0.640027	0	155	0.000000
593	0.640027	0	170	0.000000
594	0.640027	0	200	0.000000
595	0.640027	0	175	0.000000
596	0.640027	0	180	0.000000
597	0.640027	0	160	0.000000
598	0.640027	0	180	0.000000
599	0.640027	0	120	0.000000
600	0.640027	0	145	0.000000
601	0.641223	0	125	0.000000
602	0.641223	0	140	0.000000
603	0.641223	0	150	0.000000
604	0.641223	0	155	0.000000
605	0.641223	0	170	0.000000
606	0.641223	0	155	0.000000
607	0.641223	0	160	0.000000
608	0.641223	0	140	0.000000
609	0.641223	0	135	0.000000
610	0.641223	0	160	0.000000
611	0.641223	0	165	0.000000
612	0.641803	0	170	0.000000
613	0.641223	0	165	0.000000
614	0.641223	0	185	0.000000
615	0.641223	0	135	0.000000
616	0.641223	0	165	0.000000
617	0.641223	0	150	0.000000
618	0.641223	0	170	0.000000
619	0.641223	0	155	0.000000
620	0.641223	0	170	0.000000
621	0.641223	0	145	0.000000
622	0.641223	0	150	0.000000
623	0.648683	0	185	0.000000
624	0.648683	0	155	0.000000
625	0.648683	0	125	0.000000
626	0.648683	0	165	0.000000
627	0.648683	0	155	0.000000
628	0.648683	0	135	0.000000
629	0.648683	0	150	0.000000
630	0.648683	0	155	0.000000
631	0.648683	0	145	0.000000
632	0.648683	0	135	0.000000
633	0.648683	0	130	0.000000
634	0.648683	0	145	0.000000
635	0.648683	0	185	0.000000
636	0.648683	0	150	0.000000
637	0.648683	0	165	0.000000
638	0.648683	0	145	0.000000
639	0.648683	0	135	0.000000
640	0.648683	0	155	0.000000
641	0.648683	0	165	0.000000
642	0.648683	0	115	0.000000
643	0.648683	0	185	0.000000
644	0.648683	0	115	0.000000
645	0.648683	0	145	0.000000
646	0.648683	0	115	0.000000
647	0.648683	0	135	0.000000
648	0.648683	0	95	0.000000
649	0.648683	0	155	0.000000
650	0.648683	0	70	0.000000
651	0.648683	0	110	0.000000
652	0.648683	0	115	0.000000
653	0.648683	0	115	0.000000
654	0.648683	0	140	0.000000
655	0.648683	0	90	0.000000
656	0.648683	0	145	0.000000
657	0.648683	0	135	0.000000
658	0.648683	0	140	0.000000
659	0.648683	0	115	0.000000
660	0.648683	0	145	0.000000
661	0.648683	0	135	0.000000
662	0.648683	0	120	0.000000
663	0.648683	0	95	0.000000
664	0.648683	0	130	0.000000
665	0.648683	0	125	0.000000
666	0.648683	0	125	0.000000
667	0.648683	0	140	0.000000
668	0.648683	0	110	0.000000
669	0.648683	0	115	0.000000
670	0.648683	0	95	0.000000
671	0.648683	0	100	0.000000
672	0.648683	0	100	0.000000
673	0.648683	0	100	0.000000
674	0.648683	0	125	0.000000
675	0.651025	0	125	0.000000
676	0.651025	0	145	0.000000
677	0.651025	0	95	0.000000
678	0.651025	0	155	0.000000
679	0.651025	0	120	0.000000
680	0.651025	0	125	0.000000
681	0.651025	0	120	0.000000
682	0.651025	0	100	0.000000
683	0.651025	0	120	0.000000
684	0.651025	0	130	0.000000
685	0.651025	0	115	0.000000
686	0.651025	0	120	0.000000
687	0.651025	0	135	0.000000
688	0.651025	0	150	0.000000
689	0.651025	0	135	0.000000
690	0.651025	0	130	0.000000
691	0.651025	0	150	0.000000
692	0.651025	0	150	0.000000
693	0.651025	0	120	0.000000
694	0.651025	0	140	0.000000
695	0.651025	0	100	0.000000
696	0.651025	0	150	0.000000
697	0.651025	0	100	0.000000
698	0.651025	0	100	0.000000
699	0.651025	0	135	0.000000
700	0.651025	0	115	0.000000
701	0.651025	0	95	0.000000
702	0.651025	0	95	0.000000
703	0.651025	0	80	0.000000
704	0.651025	0	70	0.000000
705	0.651025	0	100	0.000000
706	0.651025	0	120	0.000000
707	0.760978	0	140	0.000000
708	0.760978	0	115	0.000000
709	0.765808	0	100	0.000000
710	0.765808	0	110	0.000000
711	0.765808	0	95	0.000000
712	0.765808	0	80	0.000000
713	0.765808	0	135	0.000000
714	0.765808	0	130	0.000000
715	0.761900	0	85	0.000000
716	0.761900	0	145	0.000000
717	0.761900	0	155	0.000000
718	0.761900	0	145	0.000000
719	0.761900	0	165	0.000000
720	0.761900	0	155	0.000000
721	0.761900	0	95	0.000000
722	0.761900	0	165	0.000000
723	0.761710	0	145	0.000000
724	0.761710	0	125	0.000000
725	0.651025	0	105	0.000000
726	0.651025	0	140	0.000000
727	0.651025	0	125	0.000000
728	0.651025	0	115	0.000000
729	0.651025	0	130	0.000000
730	0.651025	0	115	0.000000
731	0.651025	0	140	0.000000
732	0.651025	0	155	0.000000
733	0.651025	0	120	0.000000
734	0.652459	0	100	0.000000
735	0.652459	0	145	0.000000
736	0.652459	0	130	0.000000
737	0.652459	0	105	0.000000
738	0.652459	0	135	0.000000
739	0.652459	0	125	0.000000
740	0.652459	0	130	0.000000
741	0.652459	0	125	0.000000
742	0.652459	0	120	0.000000
743	0.652459	0	135	0.000000
744	0.652459	0	150	0.000000
745	0.652459	0	95	0.000000
746	0.652459	0	140	0.000000
747	0.652459	0	130	0.000000
748	0.668033	0	135	0.000000
749	0.668033	0	150	0.000000
750	0.668033	0	100	0.000000
751	0.668033	0	85	0.000000
752	0.668033	0	145	0.000000
753	0.668033	0	125	0.000000
754	0.668033	0	150	0.000000
755	0.668033	0	120	0.000000
756	0.668033	0	135	0.000000
757	0.668033	0	105	0.000000
758	0.668033	0	100	0.000000
759	0.668033	0	120	0.000000
760	0.668033	0	85	0.000000
761	0.668033	0	120	0.000000
762	0.668033	0	125	0.000000
763	0.668033	0	110	0.000000
764	0.668033	0	130	0.000000
765	0.668033	0	120	0.000000
766	0.668033	0	125	0.000000
767	0.668033	0	110	0.000000
768	0.668033	0	100	0.000000
769	0.668033	0	100	0.000000
770	0.668033	0	95	0.000000
771	0.668033	0	115	0.000000
772	0.668033	0	75	0.000000
773	0.668033	0	115	0.000000
774	0.668033	0	95	0.000000
775	0.668033	0	120	0.000000
776	0.668033	0	125	0.000000
777	0.668033	0	150	0.000000
778	0.770492	0	145	0.000000
779	0.770492	0	135	0.000000
780	0.770492	0	135	0.000000
781	0.770492	0	130	0.000000
782	0.770492	0	135	0.000000
783	0.770492	0	125	0.000000
784	0.770492	0	135	0.000000
785	0.770492	0	125	0.000000
786	0.770492	0	125	0.000000
787	0.770492	0	125	0.000000
788	0.770492	0	105	0.000000
789	0.770492	0	110	0.000000
790	0.770492	0	110	0.000000
791	0.770492	0	95	0.000000
792	0.770492	0	75	0.000000
793	0.770492	0	110	0.000000
794	0.770492	0	120	0.000000
795	0.770492	0	95	0.000000
796	0.770492	0	110	0.000000
797	0.770492	0	95	0.000000
798	0.770492	0	110	0.000000
799	0.770492	0	115	0.000000
800	0.770492	0	105	0.000000
801	0.770492	0	95	0.000000
802	0.770492	0	100	0.000000
803	0.770492	0	90	0.000000
804	0.770492	0	85	0.000000
805	0.770492	0	115	0.000000
806	0.770492	0	105	0.000000
807	0.770492	0	115	0.000000
808	0.770492	0	95	0.000000
809	0.770492	0	100	0.000000
810	0.770492	0	65	0.000000
811	0.770492	0	90	0.000000
812	0.770492	0	90	0.000000
813	0.770492	0	100	0.000000
814	0.770492	0	100	0.000000
815	0.770492	0	110	0.000000
816	0.770492	0	90	0.000000
817	0.770492	0	120	0.000000
818	0.770492	0	110	0.000000
819	0.770492	0	100	0.000000
820	0.770492	0	105	0.000000
821	0.770492	0	105	0.000000
822	0.770492	0	85	0.000000
823	0.770492	0	90	0.000000
824	0.770492	0	115	0.000000
825	0.770492	0	110	0.000000
826	0.770492	0	85	0.000000
827	0.770492	0	100	0.000000
828	0.770492	0	120	0.000000
829	0.770492	0	100	0.000000
830	0.770492	0	95	0.000000
831	0.770492	0	120	0.000000
832	0.770492	0	80	0.000000
833	0.770492	0	105	0.000000
834	0.770492	0	110	0.000000
835	0.770492	0	95	0.000000
836	0.770492	0	105	0.000000
837	0.770492	0	95	0.000000
838	0.770492	0	120	0.000000
839	0.770492	0	90	0.000000
840	0.770492	0	110	0.000000
841	0.769877	0	115	0.000000
842	0.769877	0	75	0.000000
843	0.769877	0	80	0.000000
844	0.769877	0	85	0.000000
845	0.769877	0	80	0.000000
846	0.769877	0	85	0.000000
847	0.769877	0	70	0.000000
848	0.769877	0	110	0.000000
849	0.769877	0	90	0.000000
850	0.769877	0	100	0.000000
851	0.769877	0	75	0.000000
852	0.769877	0	85	0.000000
853	0.769877	0	100	0.000000
854	0.769877	0	95	0.000000
855	0.769877	0	85	0.000000
856	0.769877	0	100	0.000000
857	0.769877	0	70	0.000000
858	0.769877	0	120	0.000000
859	0.769877	0	70	0.000000
860	0.769877	0	60	0.000000
861	0.769877	0	70	0.000000
862	0.769877	0	50	0.000000
863	0.769877	0	65	0.000000
864	0.769877	0	85	0.000000
865	0.769877	0	70	0.000000
866	0.769877	0	40	0.000000
867	0.769877	0	80	0.000000
868	0.769877	0	90	0.000000
869	0.769877	0	95	0.000000
870	0.769877	0	100	0.000000
871	0.769877	0	70	0.000000
872	0.769877	0	80	0.000000
873	0.769877	0	95	0.000000
874	0.769877	0	65	0.000000
875	0.769877	0	100	0.000000
876	0.769877	0	95	0.000000
877	0.769877	0	80	0.000000
878	0.769877	0	125	0.000000
879	0.769877	0	70	0.000000
880	0.769877	0	70	0.000000
881	0.769877	0	75	0.000000
882	0.769877	0	70	0.000000
883	0.769877	0	100	0.000000
884	0.769877	0	75	0.000000
885	0.769877	0	115	0.000000
886	0.769877	0	95	0.000000
887	0.769877	0	105	0.000000
888	0.769877	0	90	0.000000
889	0.769877	0	120	0.000000
890	0.769877	0	100	0.000000
891	0.769877	0	95	0.000000
892	0.769877	0	105	0.000000
893	0.769877	0	100	0.000000
894	0.769877	0	85	0.000000
895	0.770492	0	80	0.000000
896	0.770492	0	65	0.000000
897	0.770492	0	75	0.000000
898	0.770492	0	80	0.000000
899	0.770492	0	50	0.000000
900	0.770492	0	90	0.000000
901	0.770492	0	105	0.000000
902	0.770492	0	60	0.000000
903	0.770492	0	65	0.000000
904	0.770492	0	80	0.000000
905	0.770492	0	90	0.000000
906	0.770492	0	95	0.000000
907	0.770492	0	100	0.000000
908	0.770492	0	85	0.000000
909	0.770492	0	65	0.000000
910	0.770492	0	80	0.000000
911	0.770492	0	55	0.000000
912	0.770492	0	95	0.000000
913	0.770492	0	80	0.000000
914	0.770492	0	65	0.000000
915	0.770492	0	85	0.000000
916	0.770492	0	65	0.000000
917	0.770492	0	55	0.000000
918	0.770492	0	45	0.000000
919	0.770492	0	75	0.000000
920	0.770492	0	55	0.000000
921	0.770492	0	75	0.000000
922	0.770492	0	80	0.000000
923	0.770492	0	70	0.000000
924	0.770492	0	85	0.000000
925	0.770492	0	75	0.000000
926	0.770492	0	60	0.000000
927	0.770492	0	75	0.000000
928	0.770492	0	35	0.000000
929	0.770492	0	50	0.000000
930	0.770492	0	45	0.000000
931	0.770492	0	35	0.000000
932	0.770492	0	50	0.000000
933	0.770492	0	50	0.000000
934	0.770492	0	85	0.000000
935	0.770492	0	75	0.000000
936	0.770492	0	50	0.000000
937	0.770492	0	85	0.000000
938	0.772248	0	55	0.000000
939	0.772248	0	55	0.000000
940	0.772248	0	20	0.000000
941	0.772248	0	75	0.000000
942	0.772248	0	65	0.000000
943	0.772248	0	60	0.000000
944	0.772248	0	50	0.000000
945	0.772248	0	80	0.000000
946	0.772248	0	60	0.000000
947	0.772248	0	70	0.000000
948	0.772248	0	70	0.000000
949	0.772248	0	35	0.000000
950	0.772248	0	60	0.000000
951	0.772248	0	55	0.000000
952	0.772248	0	60	0.000000
953	0.772248	0	50	0.000000
954	0.772248	0	65	0.000000
955	0.772248	0	45	0.000000
956	0.772248	0	65	0.000000
957	0.772248	0	95	0.000000
958	0.778689	0	45	0.000000
959	0.778689	0	85	0.000000
960	0.778689	0	60	0.000000
961	0.778689	0	60	0.000000
962	0.778689	0	45	0.000000
963	0.778689	0	70	0.000000
964	0.778689	0	80	0.000000
965	0.778689	0	65	0.000000
966	0.778689	0	50	0.000000
967	0.778689	0	70	0.000000
968	0.778689	0	60	0.000000
969	0.778689	0	45	0.000000
970	0.778689	0	70	0.000000
971	0.778689	0	65	0.000000
972	0.778689	0	35	0.000000
973	0.778689	0	40	0.000000
974	0.778689	0	40	0.000000
975	0.778689	0	25	0.000000
976	0.778689	0	55	0.000000
977	0.778689	0	65	0.000000
978	0.778689	0	55	0.000000
979	0.778689	0	60	0.000000
980	0.778689	0	50	0.000000
981	0.778689	0	60	0.000000
982	0.778689	0	60	0.000000
983	0.778689	0	50	0.000000
984	0.778689	0	60	0.000000
985	0.778689	0	70	0.000000
986	0.778689	0	60	0.000000
987	0.778689	0	45	0.000000
988	0.778689	0	55	0.000000
989	0.778689	0	75	0.000000
990	0.778689	0	70	0.000000
991	0.778689	0	55	0.000000
992	0.778689	0	65	0.000000
993	0.778689	0	50	0.000000
994	0.778689	0	40	0.000000
995	0.778689	0	45	0.000000
996	0.778689	0	40	0.000000
997	0.778689	0	50	0.000000
998	0.778689	0	50	0.000000
999	0.778689	0	50	0.000000
1000	0.778689	0	55	0.000000
1001	0.778689	0	55	0.000000
1002	0.778689	0	70	0.000000
1003	0.778689	0	75	0.000000
1004	0.778689	0	45	0.000000
1005	0.778689	0	40	0.000000
1006	0.883607	0	45	0.000000
1007	0.883607	0	50	0.000000
1008	0.883607	0	45	0.000000
1009	0.883607	0	55	0.000000
1010	0.883607	0	45	0.000000
1011	0.883607	0	55	0.000000
1012	0.883607	0	70	0.000000
1013	0.883607	0	75	0.000000
1014	0.883607	0	55	0.000000
1015	0.883607	0	80	0.000000
1016	0.883607	0	70	0.000000
1017	0.883607	0	85	0.000000
1018	0.883607	0	65	0.000000
1019	0.883607	0	80	0.000000
1020	0.883607	0	85	0.000000
1021	0.883607	0	80	0.000000
1022	0.883607	0	55	0.000000
1023	0.883607	0	60	0.000000
1024	0.883607	0	80	0.000000
1025	0.883607	0	90	0.000000
1026	0.883607	0	120	0.000000
1027	0.883607	0	90	0.000000
1028	0.883607	0	40	0.000000
1029	0.883607	0	65	0.000000
1030	0.883607	0	50	0.000000
1031	0.883607	0	40	0.000000
1032	0.883607	0	55	0.000000
1033	0.883607	0	60	0.000000
1034	0.883607	0	65	0.000000
1035	0.883607	0	80	0.000000
1036	0.883607	0	55	0.000000
1037	0.883607	0	45	0.000000
1038	0.883607	0	30	0.000000
1039	0.883607	0	40	0.000000
1040	0.883607	0	45	0.000000
1041	0.883607	0	60	0.000000
1042	0.883607	0	45	0.000000
1043	0.883607	0	55	0.000000
1044	0.883607	0	35	0.000000
1045	0.883607	0	45	0.000000
1046	0.883607	0	50	0.000000
1047	0.883607	0	55	0.000000
1048	0.883607	0	65	0.000000
1049	0.883607	0	60	0.000000
1050	0.883607	0	85	0.000000
1051	0.883607	0	40	0.000000
1052	0.883607	0	60	0.000000
1053	0.883607	0	75	0.000000
1054	0.883607	0	80	0.000000
1055	0.883607	0	55	0.000000
1056	0.883607	0	75	0.000000
1057	0.883607	0	60	0.000000
1058	0.883607	0	85	0.000000
1059	0.883607	0	70	0.000000
1060	0.883607	0	100	0.000000
1061	0.883607	0	75	0.000000
1062	0.883607	0	55	0.000000
1063	0.883607	0	70	0.000000
1064	0.883607	0	25	0.000000
1065	0.883607	0	55	0.000000
1066	0.883607	0	65	0.000000
1067	0.883607	0	70	0.000000
1068	0.883607	0	60	0.000000
1069	0.883607	0	55	0.000000
1070	0.883607	0	55	0.000000
1071	0.883607	0	75	0.000000
1072	0.883607	0	60	0.000000
1073	0.883607	0	40	0.000000
1074	0.883607	0	60	0.000000
1075	0.883607	0	55	0.000000
1076	0.883607	0	35	0.000000
1077	0.883607	0	50	0.000000
1078	0.883607	0	40	0.000000
1079	0.883607	0	55	0.000000
1080	0.883607	0	65	0.000000
1081	0.883607	0	70	0.000000
1082	0.883607	0	60	0.000000
1083	0.883607	0	50	0.000000
1084	0.883607	0	40	0.000000
1085	0.883607	0	60	0.000000
1086	0.883607	0	25	0.000000
1087	0.883607	0	60	0.000000
1088	0.883607	0	55	0.000000
1089	0.883607	0	60	0.000000
1090	0.883607	0	65	0.000000
1091	0.883607	0	50	0.000000
1092	0.883607	0	35	0.000000
1093	0.883607	0	45	0.000000
1094	0.883607	0	60	0.000000
1095	0.883607	0	55	0.000000
1096	0.883607	0	45	0.000000
1097	0.883607	0	75	0.000000
1098	0.883607	0	75	0.000000
1099	0.883607	0	70	0.000000
1100	0.883607	0	50	0.000000
1101	0.883607	0	65	0.000000
1102	0.883607	0	55	0.000000
1103	0.883607	0	85	0.000000
1104	0.883607	0	50	0.000000
1105	0.883607	0	70	0.000000
1106	0.883607	0	55	0.000000
1107	0.883607	0	40	0.000000
1108	0.883607	0	55	0.000000
1109	0.883607	0	80	0.000000
1110	0.883607	0	75	0.000000
1111	0.883607	0	55	0.000000
1112	0.883607	0	40	0.000000
1113	0.883607	0	90	0.000000
1114	0.883607	0	50	0.000000
1115	0.883607	0	90	0.000000
1116	0.883607	0	80	0.000000
1117	0.883607	0	40	0.000000
1118	0.883607	0	60	0.000000
1119	0.883607	0	50	0.000000
1120	0.883607	0	65	0.000000
1121	0.883607	0	60	0.000000
1122	0.883607	0	65	0.000000
1123	0.883607	0	35	0.000000
1124	0.883607	0	45	0.000000
1125	0.883607	0	55	0.000000
1126	0.883607	0	55	0.000000
1127	0.883607	0	65	0.000000
1128	0.883607	0	55	0.000000
1129	0.883607	0	70	0.000000
1130	0.883607	0	55	0.000000
1131	0.883607	0	55	0.000000
1132	0.883607	0	55	0.000000
1133	0.883607	0	50	0.000000
1134	0.883607	0	60	0.000000
1135	0.883607	0	80	0.000000
1136	0.883607	0	45	0.000000
1137	0.883607	0	65	0.000000
1138	0.883607	0	70	0.000000
1139	0.883607	0	45	0.000000
1140	0.883607	0	65	0.000000
1141	0.883607	0	50	0.000000
1142	0.883607	0	75	0.000000
1143	0.883607	0	75	0.000000
1144	0.883607	0	75	0.000000
1145	0.883607	0	70	0.000000
1146	0.883607	0	60	0.000000
1147	0.883607	0	45	0.000000
1148	0.883607	0	45	0.000000
1149	0.883607	0	75	0.000000
1150	0.883607	0	75	0.000000
1151	0.883607	0	40	0.000000
1152	0.883607	0	90	0.000000
1153	0.883607	0	30	0.000000
1154	0.883607	0	45	0.000000
1155	0.883607	0	55	0.000000
1156	0.883607	0	65	0.000000
1157	0.883607	0	55	0.000000
1158	0.883607	0	65	0.000000
1159	0.883607	0	40	0.000000
1160	0.883607	0	60	0.000000
1161	0.883607	0	40	0.000000
1162	0.883607	0	75	0.000000
1163	0.883607	0	35	0.000000
1164	0.883607	0	40	0.000000
1165	0.883607	0	30	0.000000
1166	0.883607	0	35	0.000000
1167	0.883607	0	30	0.000000
1168	0.883607	0	65	0.000000
1169	0.883607	0	40	0.000000
1170	0.883607	0	25	0.000000
1171	0.883607	0	60	0.000000
1172	0.883607	0	55	0.000000
1173	0.883607	0	35	0.000000
1174	0.883607	0	55	0.000000
1175	0.883607	0	30	0.000000
1176	0.883607	0	35	0.000000
1177	0.883607	0	40	0.000000
1178	0.883607	0	45	0.000000
1179	0.883607	0	40	0.000000
1180	0.883607	0	30	0.000000
1181	0.883607	0	25	0.000000
1182	0.883607	0	35	0.000000
1183	0.883607	0	25	0.000000
1184	0.883607	0	30	0.000000
1185	0.883607	0	55	0.000000
1186	0.883607	0	30	0.000000
1187	0.883607	0	35	0.000000
1188	0.883607	0	35	0.000000
1189	0.883607	0	50	0.000000
1190	0.883607	0	35	0.000000
1191	0.883607	0	35	0.000000
1192	0.883607	0	15	0.000000
1193	0.883607	0	50	0.000000
1194	0.883607	0	35	0.000000
1195	0.883607	0	30	0.000000
1196	0.883607	0	45	0.000000
1197	0.883607	0	35	0.000000
1198	0.883607	0	25	0.000000
1199	0.883607	0	40	0.000000
1200	0.883607	0	45	0.000000
1201	0.883607	0	40	0.000000
1202	0.883607	0	45	0.000000
1203	0.883607	0	75	0.000000
1204	0.883607	0	40	0.000000
1205	0.883607	0	70	0.000000
1206	0.883607	0	50	0.000000
1207	0.883607	0	70	0.000000
1208	0.883607	0	55	0.000000
1209	0.883607	0	65	0.000000
1210	0.883607	0	40	0.000000
1211	0.883607	0	60	0.000000
1212	0.883607	0	55	0.000000
1213	0.883607	0	55	0.000000
1214	0.883607	0	50	0.000000
1215	0.883607	0	30	0.000000
1216	0.883607	0	40	0.000000
1217	0.883607	0	55	0.000000
1218	0.883607	0	40	0.000000
1219	0.883607	0	35	0.000000
1220	0.883607	0	35	0.000000
1221	0.883607	0	25	0.000000
1222	0.883607	0	45	0.000000
1223	0.883607	0	35	0.000000
1224	0.883607	0	40	0.000000
1225	0.883607	0	50	0.000000
1226	0.883607	0	35	0.000000
1227	0.883607	0	60	0.000000
1228	0.883607	0	35	0.000000
1229	0.883607	0	30	0.000000
1230	0.883607	0	45	0.000000
1231	0.883607	0	20	0.000000
1232	0.883607	0	35	0.000000
1233	0.883607	0	40	0.000000
1234	0.883607	0	50	0.000000
1235	0.883607	0	35	0.000000
1236	0.883607	0	40	0.000000
1237	0.883607	0	40	0.000000
1238	0.883607	0	30	0.000000
1239	0.883607	0	40	0.000000
1240	0.883607	0	20	0.000000
1241	0.883607	0	60	0.000000
1242	0.883607	0	35	0.000000
1243	0.883607	0	30	0.000000
1244	0.883607	0	45	0.000000
1245	0.883607	0	30	0.000000
1246	0.883607	0	25	0.000000
1247	0.883607	0	35	0.000000
1248	0.883607	0	45	0.000000
1249	0.883607	0	50	0.000000
1250	0.883607	0	30	0.000000
1251	0.883607	0	55	0.000000
1252	0.883607	0	40	0.000000
1253	0.883607	0	25	0.000000
1254	0.883607	0	35	0.000000
1255	0.883607	0	40	0.000000
1256	0.883607	0	55	0.000000
1257	0.883607	0	50	0.000000
1258	0.883607	0	30	0.000000
1259	0.883607	0	45	0.000000
1260	0.883607	0	55	0.000000
1261	0.883607	0	30	0.000000
1262	0.883607	0	60	0.000000
1263	1.000000	0	45	0.000000
1264	1.000000	0	40	0.000000
1265	1.000000	0	35	0.000000
1266	1.000000	0	40	0.000000
1267	1.000000	0	35	0.000000
1268	1.000000	0	35	0.000000
1269	1.000000	0	60	0.000000
1270	1.000000	0	45	0.000000
1271	1.000000	0	60	0.000000
1272	1.000000	0	35	0.000000
1273	1.000000	0	25	0.000000
1274	1.000000	0	30	0.000000
1275	1.000000	0	60	0.000000
1276	1.000000	0	55	0.000000
1277	1.000000	0	55	0.000000
1278	1.000000	0	45	0.000000
1279	1.000000	0	60	0.000000
1280	1.000000	0	25	0.000000
1281	1.000000	0	30	0.000000
1282	1.000000	0	40	0.000000
1283	1.000000	0	35	0.000000
1284	1.000000	0	45	0.000000
1285	1.000000	0	30	0.000000
1286	1.000000	0	25	0.000000
1287	1.000000	0	25	0.000000
1288	1.000000	0	35	0.000000
1289	1.000000	0	55	0.000000
1290	1.000000	0	50	0.000000
1291	1.000000	0	50	0.000000
1292	1.000000	0	30	0.000000
1293	1.000000	0	40	0.000000
1294	1.000000	0	40	0.000000
1295	1.000000	0	40	0.000000
1296	1.000000	0	35	0.000000
1297	1.000000	0	40	0.000000
1298	1.000000	0	35	0.000000
1299	1.000000	0	45	0.000000
1300	1.000000	0	35	0.000000
1301	1.000000	0	15	0.000000
1302	1.000000	0	30	0.000000
1303	1.000000	0	20	0.000000
1304	1.000000	0	30	0.000000
1305	1.000000	0	15	0.000000
1306	1.000000	0	25	0.000000
1307	1.000000	0	30	0.000000
1308	1.000000	0	30	0.000000
1309	1.000000	0	25	0.000000
1310	1.000000	0	30	0.000000
1311	1.000000	0	30	0.000000
1312	1.000000	0	25	0.000000
1313	1.000000	0	40	0.000000
1314	1.000000	0	30	0.000000
1315	1.000000	0	35	0.000000
1316	1.000000	0	30	0.000000
1317	1.000000	0	45	0.000000
1318	1.000000	0	50	0.000000
1319	1.000000	0	50	0.000000
1320	1.000000	0	45	0.000000
1321	1.000000	0	35	0.000000
1322	1.000000	0	40	0.000000
1323	1.000000	0	25	0.000000
1324	1.000000	0	30	0.000000
1325	1.000000	0	25	0.000000
1326	1.000000	0	25	0.000000
1327	1.000000	0	30	0.000000
1328	1.000000	0	10	0.000000
1329	1.000000	0	30	0.000000
1330	1.000000	0	25	0.000000
1331	1.000000	0	35	0.000000
1332	1.000000	0	10	0.000000
1333	1.000000	0	10	0.000000
1334	1.000000	0	35	0.000000
1335	1.000000	0	20	0.000000
1336	1.000000	0	25	0.000000
1337	1.000000	0	25	0.000000
1338	1.000000	0	25	0.000000
1339	1.000000	0	20	0.000000
1340	1.000000	0	20	0.000000
1341	1.000000	0	20	0.000000
1342	1.000000	0	20	0.000000
1343	1.000000	0	20	0.000000
1344	1.000000	0	20	0.000000
1345	1.000000	0	25	0.000000
1346	1.000000	0	30	0.000000
1347	1.000000	0	25	0.000000
1348	1.000000	0	20	0.000000
1349	1.000000	0	25	0.000000
1350	1.000000	0	30	0.000000
1351	1.000000	0	35	0.000000
1352	1.000000	0	50	0.000000
1353	1.000000	0	35	0.000000
1354	1.000000	0	15	0.000000
1355	1.000000	0	15	0.000000
1356	1.000000	0	35	0.000000
1357	1.000000	0	30	0.000000
1358	1.000000	0	35	0.000000
1359	1.000000	0	15	0.000000
1360	1.000000	0	10	0.000000
1361	1.000000	0	20	0.000000
1362	1.000000	0	30	0.000000
1363	1.000000	0	20	0.000000
1364	1.000000	0	35	0.000000
1365	1.000000	0	25	0.000000
1366	1.000000	0	25	0.000000
1367	1.000000	0	25	0.000000
1368	1.000000	0	35	0.000000
1369	1.000000	0	30	0.000000
1370	1.000000	0	35	0.000000
1371	1.000000	0	40	0.000000
1372	1.000000	0	35	0.000000
1373	1.000000	0	40	0.000000
1374	1.000000	0	40	0.000000
1375	1.000000	0	40	0.000000
1376	1.000000	0	15	0.000000
1377	1.000000	0	30	0.000000
1378	1.000000	0	25	0.000000
1379	1.000000	0	20	0.000000
1380	1.000000	0	15	0.000000
1381	1.000000	0	35	0.000000
1382	1.000000	0	15	0.000000
1383	1.000000	0	35	0.000000
1384	1.000000	0	25	0.000000
1385	1.000000	0	40	0.000000
1386	1.000000	0	25	0.000000
1387	1.000000	0	30	0.000000
1388	1.000000	0	45	0.000000
1389	1.000000	0	20	0.000000
1390	1.000000	0	25	0.000000
1391	1.000000	0	20	0.000000
1392	1.000000	0	15	0.000000
1393	1.000000	0	45	0.000000
1394	1.000000	0	40	0.000000
1395	1.000000	0	55	0.000000
1396	1.000000	0	35	0.000000
1397	1.000000	0	40	0.000000
1398	1.000000	0	30	0.000000
1399	1.000000	0	40	0.000000
1400	1.000000	0	30	0.000000
1401	1.000000	0	35	0.000000
1402	1.000000	0	35	0.000000
1403	1.000000	0	15	0.000000
1404	1.000000	0	40	0.000000
1405	1.000000	0	30	0.000000
1406	1.000000	0	20	0.000000
1407	1.000000	0	30	0.000000
1408	1.000000	0	35	0.000000
1409	1.000000	0	20	0.000000
1410	1.000000	0	25	0.000000
1411	1.000000	0	35	0.000000
1412	1.000000	0	10	0.000000
1413	1.000000	0	25	0.000000
1414	1.000000	0	20	0.000000
1415	1.000000	0	30	0.000000
1416	1.000000	0	25	0.000000
1417	1.000000	0	25	0.000000
1418	1.000000	0	15	0.000000
1419	1.000000	0	15	0.000000
1420	1.000000	0	15	0.000000
1421	1.000000	0	30	0.000000
1422	1.000000	0	35	0.000000
1423	1.000000	0	20	0.000000
1424	1.000000	0	25	0.000000
1425	1.000000	0	30	0.000000
1426	1.000000	0	20	0.000000
1427	1.000000	0	25	0.000000
1428	1.000000	0	25	0.000000
1429	1.000000	0	40	0.000000
1430	1.000000	0	40	0.000000
1431	1.000000	0	35	0.000000
1432	1.000000	0	30	0.000000
1433	1.000000	0	35	0.000000
1434	1.000000	0	30	0.000000
1435	1.000000	0	40	0.000000
1436	1.000000	0	30	0.000000
1437	1.000000	0	30	0.000000
1438	1.000000	0	25	0.000000
1439	1.000000	0	30	0.000000
1440	1.000000	0	45	0.000000
1441	1.000000	0	30	0.000000
1442	1.000000	0	25	0.000000
1443	1.000000	0	35	0.000000
1444	1.000000	0	30	0.000000
1445	1.000000	0	20	0.000000
1446	1.000000	0	15	0.000000
1447	1.000000	0	30	0.000000
1448	1.000000	0	20	0.000000
1449	1.000000	0	25	0.000000
1450	1.000000	0	20	0.000000
1451	1.000000	0	30	0.000000
1452	1.000000	0	30	0.000000
1453	1.000000	0	25	0.000000
1454	1.000000	0	40	0.000000
1455	1.000000	0	30	0.000000
1456	1.000000	0	25	0.000000
1457	1.000000	0	25	0.000000
1458	1.000000	0	30	0.000000
1459	1.000000	0	15	0.000000
1460	1.000000	0	25	0.000000
1461	1.000000	0	30	0.000000
1462	1.000000	0	35	0.000000
1463	1.000000	0	25	0.000000
1464	1.000000	0	30	0.000000
1465	1.000000	0	35	0.000000
1466	1.000000	0	20	0.000000
1467	1.000000	0	35	0.000000
1468	1.000000	0	20	0.000000
1469	1.000000	0	20	0.000000
1470	1.000000	0	25	0.000000
1471	1.000000	0	25	0.000000
1472	1.000000	0	45	0.000000
1473	1.000000	0	40	0.000000
1474	1.000000	0	25	0.000000
1475	1.000000	0	30	0.000000
1476	1.000000	0	25	0.000000
1477	1.000000	0	25	0.000000
1478	1.000000	0	35	0.000000
1479	1.000000	0	40	0.000000
1480	1.000000	0	30	0.000000
1481	1.000000	0	25	0.000000
1482	1.000000	0	25	0.000000
1483	1.000000	0	25	0.000000
1484	1.000000	0	20	0.000000
1485	1.000000	0	25	0.000000
1486	1.000000	0	20	0.000000
1487	1.000000	0	45	0.000000
1488	1.000000	0	30	0.000000
1489	1.000000	0	35	0.000000
1490	1.000000	0	40	0.000000
1491	1.000000	0	30	0.000000
1492	1.000000	0	20	0.000000
1493	1.000000	0	20	0.000000
1494	1.000000	0	25	0.000000
1495	1.000000	0	10	0.000000
1496	1.000000	0	35	0.000000
1497	1.000000	0	50	0.000000
1498	1.000000	0	30	0.000000
1499	1.000000	0	30	0.000000
1500	1.000000	0	25	0.000000
1501	1.000000	0	25	0.000000
1502	1.000000	0	30	0.000000
1503	1.000000	0	5	0.000000
1504	1.000000	0	25	0.000000
1505	1.000000	0	20	0.000000
1506	1.000000	0	15	0.000000
1507	1.000000	0	35	0.000000
1508	1.000000	0	5	0.000000
1509	1.000000	0	15	0.000000
1510	1.000000	0	5	0.000000
1511	1.000000	0	25	0.000000
1512	1.000000	0	5	0.000000
1513	1.000000	0	25	0.000000
1514	1.000000	0	15	0.000000
1515	1.000000	0	20	0.000000
1516	1.000000	0	20	0.000000
1517	1.000000	0	25	0.000000
1518	1.000000	0	30	0.000000
1519	1.000000	0	20	0.000000
1520	1.000000	0	20	0.000000
1521	1.000000	0	40	0.000000
1522	1.000000	0	20	0.000000
1523	1.000000	0	20	0.000000
1524	1.000000	0	30	0.000000
1525	1.000000	0	40	0.000000
1526	1.000000	0	15	0.000000
1527	1.000000	0	45	0.000000
1528	1.000000	0	20	0.000000
1529	1.000000	0	25	0.000000
1530	1.000000	0	15	0.000000
1531	1.000000	0	25	0.000000
1532	1.000000	0	20	0.000000
1533	1.000000	0	25	0.000000
1534	1.000000	0	20	0.000000
1535	1.000000	0	0	0.000000
1536	1.000000	0	15	0.000000
1537	1.000000	0	20	0.000000
1538	1.000000	0	15	0.000000
1539	1.000000	0	15	0.000000
1540	1.000000	0	20	0.000000
1541	1.000000	0	15	0.000000
1542	1.000000	0	10	0.000000
1543	1.000000	0	5	0.000000
1544	1.000000	0	10	0.000000
1545	1.000000	0	5	0.000000
1546	1.000000	0	25	0.000000
1547	1.000000	0	10	0.000000
1548	1.000000	0	10	0.000000
1549	1.000000	0	10	0.000000
1550	1.000000	0	15	0.000000
1551	1.000000	0	20	0.000000
1552	1.000000	0	25	0.000000
1553	1.000000	0	15	0.000000
1554	1.000000	0	10	0.000000
1555	1.000000	0	15	0.000000
1556	1.000000	0	5	0.000000
1557	1.000000	0	40	0.000000
1558	1.000000	0	15	0.000000
1559	1.000000	0	20	0.000000
1560	1.000000	0	15	0.000000
1561	1.000000	0	5	0.000000
1562	1.000000	0	15	0.000000
1563	1.000000	0	15	0.000000
1564	1.000000	0	15	0.000000
1565	1.000000	0	15	0.000000
1566	1.000000	0	15	0.000000
1567	1.000000	0	25	0.000000
1568	1.000000	0	0	0.000000
1569	1.000000	0	5	0.000000
1570	1.000000	0	20	0.000000
1571	1.000000	0	30	0.000000
1572	1.000000	0	15	0.000000
1573	1.000000	0	30	0.000000
1574	1.000000	0	45	0.000000
1575	1.000000	0	20	0.000000
1576	1.000000	0	20	0.000000
1577	1.000000	0	15	0.000000
1578	1.000000	0	35	0.000000
1579	1.000000	0	40	0.000000
1580	1.000000	0	35	0.000000
1581	1.000000	0	15	0.000000
1582	1.000000	0	30	0.000000
1583	1.000000	0	10	0.000000
1584	1.000000	0	20	0.000000
1585	1.000000	0	25	0.000000
1586	1.000000	0	25	0.000000
1587	1.000000	0	15	0.000000
1588	1.000000	0	35	0.000000
1589	1.000000	0	25	0.000000
1590	1.000000	0	25	0.000000
1591	1.000000	0	25	0.000000
1592	1.000000	0	15	0.000000
1593	1.000000	0	15	0.000000
1594	1.000000	0	20	0.000000
1595	1.000000	0	20	0.000000
1596	1.000000	0	40	0.000000
1597	1.000000	0	20	0.000000
1598	1.000000	0	25	0.000000
1599	1.000000	0	20	0.000000
1600	1.000000	0	20	0.000000
1601	1.000000	0	20	0.000000
1602	1.000000	0	10	0.000000
1603	1.000000	0	10	0.000000
1604	1.000000	0	5	0.000000
1605	1.000000	0	5	0.000000
1606	1.000000	0	10	0.000000
1607	1.000000	0	30	0.000000
1608	1.000000	0	10	0.000000
1609	1.000000	0	25	0.000000
1610	1.000000	0	10	0.000000
1611	1.000000	0	30	0.000000
1612	1.000000	0	25	0.000000
1613	1.000000	0	15	0.000000
1614	1.000000	0	15	0.000000
1615	1.000000	0	25	0.000000
1616	1.000000	0	20	0.000000
1617	1.000000	0	10	0.000000
1618	1.000000	0	10	0.000000
1619	1.000000	0	10	0.000000
1620	1.000000	0	5	0.000000
1621	1.000000	0	20	0.000000
1622	1.000000	0	15	0.000000
1623	1.000000	0	30	0.000000
1624	1.000000	0	25	0.000000
1625	1.000000	0	10	0.000000
1626	1.000000	0	20	0.000000
1627	1.000000	0	15	0.000000
1628	1.000000	0	15	0.000000
1629	1.000000	0	15	0.000000
1630	1.000000	0	10	0.000000
1631	1.000000	0	20	0.000000
1632	1.000000	0	15	0.000000
1633	1.000000	0	20	0.000000
1634	1.000000	0	25	0.000000
1635	1.000000	0	5	0.000000
1636	1.000000	0	15	0.000000
1637	1.000000	0	15	0.000000
1638	1.000000	0	5	0.000000
1639	1.000000	0	10	0.000000
1640	1.000000	0	15	0.000000
1641	1.000000	0	15	0.000000
1642	1.000000	0	10	0.000000
1643	1.000000	0	10	0.000000
1644	1.000000	0	5	0.000000
1645	1.000000	0	10	0.000000
1646	1.000000	0	10	0.000000
1647	1.000000	0	15	0.000000
1648	1.000000	0	10	0.000000
1649	1.000000	0	10	0.000000
1650	1.000000	0	10	0.000000
1651	1.000000	0	20	0.000000
1652	1.000000	0	0	0.000000
1653	1.000000	0	5	0.000000
1654	1.000000	0	10	0.000000
1655	1.000000	0	10	0.000000
1656	1.000000	0	15	0.000000
1657	1.000000	0	5	0.000000
1658	1.000000	0	25	0.000000
1659	1.000000	0	15	0.000000
1660	1.000000	0	35	0.000000
1661	1.000000	0	10	0.000000
1662	1.000000	0	25	0.000000
1663	1.000000	0	30	0.000000
1664	1.000000	0	25	0.000000
1665	1.000000	0	25	0.000000
1666	1.000000	0	15	0.000000
1667	1.000000	0	20	0.000000
1668	1.000000	0	20	0.000000
1669	1.000000	0	10	0.000000
1670	1.000000	0	10	0.000000
1671	1.000000	0	5	0.000000
1672	1.000000	0	30	0.000000
1673	1.000000	0	10	0.000000
1674	1.000000	0	5	0.000000
1675	1.000000	0	10	0.000000
1676	1.000000	0	15	0.000000
1677	1.000000	0	10	0.000000
1678	1.000000	0	20	0.000000
1679	1.000000	0	15	0.000000
1680	1.000000	0	15	0.000000
1681	1.000000	0	30	0.000000
1682	1.000000	0	20	0.000000
1683	1.000000	0	10	0.000000
1684	1.000000	0	10	0.000000
1685	1.000000	0	5	0.000000
1686	1.000000	0	20	0.000000
1687	1.000000	0	25	0.000000
1688	1.000000	0	5	0.000000
1689	1.000000	0	10	0.000000
1690	1.000000	0	10	0.000000
1691	1.000000	0	15	0.000000
1692	1.000000	0	5	0.000000
1693	1.000000	0	5	0.000000
1694	1.000000	0	5	0.000000
1695	1.000000	0	15	0.000000
1696	1.000000	0	15	0.000000
1697	1.000000	0	20	0.000000
1698	1.000000	0	20	0.000000
1699	1.000000	0	5	0.000000
1700	1.000000	0	15	0.000000
1701	1.000000	0	0	0.000000
1702	1.000000	0	10	0.000000
1703	1.000000	0	15	0.000000
1704	1.000000	0	10	0.000000
1705	1.000000	0	20	0.000000
1706	1.000000	0	15	0.000000
1707	1.000000	0	5	0.000000
1708	1.000000	0	20	0.000000
1709	1.000000	0	10	0.000000
1710	1.000000	0	10	0.000000
1711	1.000000	0	20	0.000000
1712	1.000000	0	10	0.000000
1713	1.000000	0	15	0.000000
1714	1.000000	0	10	0.000000
1715	1.000000	0	5	0.000000
1716	1.000000	0	5	0.000000
1717	1.000000	0	0	0.000000
1718	1.000000	0	0	0.000000
1719	1.000000	0	10	0.000000
1720	1.000000	0	5	0.000000
1721	1.000000	0	5	0.000000
1722	1.000000	0	5	0.000000
1723	1.000000	0	10	0.000000
1724	1.000000	0	5	0.000000
1725	1.000000	0	10	0.000000
1726	1.000000	0	5	0.000000
1727	1.000000	0	10	0.000000
1728	1.000000	0	15	0.000000
1729	1.000000	0	5	0.000000
1730	1.000000	0	10	0.000000
1731	1.000000	0	5	0.000000
1732	1.000000	0	5	0.000000
1733	1.000000	0	0	0.000000
1734	1.000000	0	5	0.000000
1735	1.000000	0	5	0.000000
1736	1.000000	0	10	0.000000
1737	1.000000	0	5	0.000000
1738	1.000000	0	10	0.000000
1739	1.000000	0	5	0.000000
1740	1.000000	0	0	0.000000
1741	1.000000	0	15	0.000000
1742	1.000000	0	15	0.000000
1743	1.000000	0	15	0.000000
1744	1.000000	0	15	0.000000
1745	1.000000	0	10	0.000000
1746	1.000000	0	10	0.000000
1747	1.000000	0	15	0.000000
1748	1.000000	0	10	0.000000
1749	1.000000	0	15	0.000000
1750	1.000000	0	30	0.000000
1751	1.000000	0	25	0.000000
1752	1.000000	0	10	0.000000
1753	1.000000	0	25	0.000000
1754	1.000000	0	10	0.000000
1755	1.000000	0	5	0.000000
1756	1.000000	0	10	0.000000
1757	1.000000	0	5	0.000000
1758	1.000000	0	15	0.000000
1759	1.000000	0	10	0.000000
1760	1.000000	0	15	0.000000
1761	1.000000	0	15	0.000000
1762	1.000000	0	15	0.000000
