0	0.200020	0	0	0.000000
1	0.194418	0	455	0.000000
2	0.212295	0	465	0.000000
3	0.202231	0	455	0.000000
4	0.202108	0	455	0.000000
5	0.195414	0	455	0.000000
6	0.196259	0	455	0.000000
7	0.200742	0	475	0.000000
8	0.196123	0	450	0.000000
9	0.204118	0	455	0.000000
10	0.197053	0	480	0.000000
11	0.201067	0	465	0.000000
12	0.198146	0	495	0.000000
13	0.202069	0	460	0.000000
14	0.209329	0	445	0.000000
15	0.198816	0	480	0.000000
16	0.197918	0	450	0.000000
17	0.197996	0	480	0.000000
18	0.198770	0	455	0.000000
19	0.203435	0	480	0.000000
20	0.201158	0	460	0.000000
21	0.201249	0	465	0.000000
22	0.199336	0	445	0.000000
23	0.199649	0	470	0.000000
24	0.199649	0	480	0.000000
25	0.199083	0	470	0.000000
26	0.200748	0	460	0.000000
27	0.197287	0	475	0.000000
28	0.200995	0	435	0.000000
29	0.204411	0	435	0.000000
30	0.198400	0	455	0.000000
31	0.200312	0	480	0.000000
32	0.199811	0	435	0.000000
33	0.201269	0	475	0.000000
34	0.200878	0	445	0.000000
35	0.200995	0	470	0.000000
36	0.200410	0	450	0.000000
37	0.200312	0	475	0.000000
38	0.198400	0	470	0.000000
39	0.204254	0	450	0.000000
40	0.203610	0	450	0.000000
41	0.198517	0	470	0.000000
42	0.199675	0	455	0.000000
43	0.197743	0	440	0.000000
44	0.198400	0	465	0.000000
45	0.196097	0	455	0.000000
46	0.197626	0	465	0.000000
47	0.197626	0	460	0.000000
48	0.197600	0	465	0.000000
49	0.200611	0	415	0.000000
50	0.201386	0	455	0.000000
51	0.200611	0	470	0.000000
52	0.197060	0	470	0.000000
53	0.201340	0	475	0.000000
54	0.200611	0	435	0.000000
55	0.197287	0	470	0.000000
56	0.197287	0	475	0.000000
57	0.201952	0	455	0.000000
58	0.199941	0	465	0.000000
59	0.197287	0	455	0.000000
60	0.198653	0	450	0.000000
61	0.197626	0	460	0.000000
62	0.198400	0	470	0.000000
63	0.198692	0	450	0.000000
64	0.203318	0	435	0.000000
65	0.198185	0	470	0.000000
66	0.203188	0	475	0.000000
67	0.199122	0	440	0.000000
68	0.200566	0	460	0.000000
69	0.199792	0	460	0.000000
70	0.198536	0	465	0.000000
71	0.197756	0	465	0.000000
72	0.199454	0	435	0.000000
73	0.199284	0	450	0.000000
74	0.198738	0	440	0.000000
75	0.197756	0	465	0.000000
76	0.200312	0	460	0.000000
77	0.203005	0	470	0.000000
78	0.199128	0	460	0.000000
79	0.199128	0	450	0.000000
80	0.200566	0	450	0.000000
81	0.204801	0	465	0.000000
82	0.198016	0	450	0.000000
83	0.209758	0	465	0.000000
84	0.199219	0	445	0.000000
85	0.355347	0	450	0.000000
86	0.195693	0	460	0.000000
87	0.200156	0	450	0.000000
88	0.195056	0	475	0.000000
89	0.192727	0	430	0.000000
90	0.202752	0	460	0.000000
91	0.204118	0	465	0.000000
92	0.194757	0	475	0.000000
93	0.199200	0	435	0.000000
94	0.199219	0	450	0.000000
95	0.205269	0	445	0.000000
96	0.197489	0	465	0.000000
97	0.200585	0	470	0.000000
98	0.196897	0	470	0.000000
99	0.203734	0	425	0.000000
100	0.201386	0	450	0.000000
101	0.196676	0	445	0.000000
102	0.198692	0	465	0.000000
103	0.197151	0	440	0.000000
104	0.052615	0	445	0.000000
105	0.196624	0	425	0.000000
106	0.193983	0	450	0.000000
107	0.196396	0	465	0.000000
108	0.205094	0	470	0.000000
109	0.201386	0	450	0.000000
110	0.206596	0	415	0.000000
111	0.203571	0	435	0.000000
112	0.198653	0	425	0.000000
113	0.198146	0	420	0.000000
114	0.198517	0	425	0.000000
115	0.203571	0	450	0.000000
116	0.197834	0	460	0.000000
117	0.198309	0	440	0.000000
118	0.202752	0	450	0.000000
119	0.205094	0	445	0.000000
120	0.205094	0	415	0.000000
121	0.357123	0	450	0.000000
122	0.207397	0	430	0.000000
123	0.207397	0	420	0.000000
124	0.207397	0	430	0.000000
125	0.206030	0	435	0.000000
126	0.207397	0	440	0.000000
127	0.207397	0	450	0.000000
128	0.207397	0	445	0.000000
129	0.210402	0	455	0.000000
130	0.210402	0	435	0.000000
131	0.210402	0	425	0.000000
132	0.210402	0	440	0.000000
133	0.210402	0	420	0.000000
134	0.210402	0	420	0.000000
135	0.210402	0	430	0.000000
136	0.210402	0	445	0.000000
137	0.210402	0	425	0.000000
138	0.210402	0	430	0.000000
139	0.210402	0	420	0.000000
140	0.208646	0	430	0.000000
141	0.208646	0	415	0.000000
142	0.208646	0	420	0.000000
143	0.208646	0	400	0.000000
144	0.208646	0	400	0.000000
145	0.208646	0	415	0.000000
146	0.209582	0	380	0.000000
147	0.209582	0	400	0.000000
148	0.209582	0	415	0.000000
149	0.357826	0	395	0.000000
150	0.357826	0	420	0.000000
151	0.210402	0	380	0.000000
152	0.210402	0	410	0.000000
153	0.210402	0	380	0.000000
154	0.356232	0	405	0.000000
155	0.211768	0	395	0.000000
156	0.211768	0	405	0.000000
157	0.212451	0	425	0.000000
158	0.213817	0	405	0.000000
159	0.213817	0	435	0.000000
160	0.213817	0	400	0.000000
161	0.213817	0	395	0.000000
162	0.213817	0	415	0.000000
163	0.213817	0	395	0.000000
164	0.213817	0	380	0.000000
165	0.213817	0	430	0.000000
166	0.213817	0	375	0.000000
167	0.213817	0	405	0.000000
168	0.213817	0	415	0.000000
169	0.214754	0	415	0.000000
170	0.214247	0	415	0.000000
171	0.364481	0	395	0.000000
172	0.213817	0	405	0.000000
173	0.209329	0	425	0.000000
174	0.209329	0	400	0.000000
175	0.209329	0	390	0.000000
176	0.209329	0	390	0.000000
177	0.209329	0	400	0.000000
178	0.209329	0	395	0.000000
179	0.209329	0	335	0.000000
180	0.209329	0	395	0.000000
181	0.208392	0	395	0.000000
182	0.215574	0	360	0.000000
183	0.211475	0	365	0.000000
184	0.211475	0	370	0.000000
185	0.212705	0	365	0.000000
186	0.214637	0	365	0.000000
187	0.214637	0	390	0.000000
188	0.214637	0	365	0.000000
189	0.214637	0	355	0.000000
190	0.214637	0	375	0.000000
191	0.211475	0	390	0.000000
192	0.210109	0	345	0.000000
193	0.210109	0	375	0.000000
194	0.208392	0	380	0.000000
195	0.211944	0	375	0.000000
196	0.211944	0	335	0.000000
197	0.211944	0	385	0.000000
198	0.211944	0	340	0.000000
199	0.211944	0	365	0.000000
200	0.213427	0	385	0.000000
201	0.211944	0	375	0.000000
202	0.211944	0	410	0.000000
203	0.211944	0	350	0.000000
204	0.211944	0	375	0.000000
205	0.211944	0	350	0.000000
206	0.211944	0	370	0.000000
207	0.211944	0	360	0.000000
208	0.211944	0	395	0.000000
209	0.211944	0	435	0.000000
210	0.211944	0	375	0.000000
211	0.211944	0	375	0.000000
212	0.211944	0	345	0.000000
213	0.211944	0	370	0.000000
214	0.211944	0	355	0.000000
215	0.211944	0	370	0.000000
216	0.211944	0	390	0.000000
217	0.211944	0	345	0.000000
218	0.211944	0	335	0.000000
219	0.211944	0	365	0.000000
220	0.212881	0	365	0.000000
221	0.212881	0	355	0.000000
222	0.211944	0	345	0.000000
223	0.211944	0	315	0.000000
224	0.212881	0	330	0.000000
225	0.212881	0	375	0.000000
226	0.216003	0	365	0.000000
227	0.216003	0	355	0.000000
228	0.216003	0	340	0.000000
229	0.215867	0	360	0.000000
230	0.214247	0	380	0.000000
231	0.214247	0	340	0.000000
232	0.216159	0	325	0.000000
233	0.216159	0	320	0.000000
234	0.216159	0	350	0.000000
235	0.216159	0	330	0.000000
236	0.365912	0	320	0.000000
237	0.216159	0	305	0.000000
238	0.216159	0	340	0.000000
239	0.216159	0	300	0.000000
240	0.216159	0	355	0.000000
241	0.216159	0	350	0.000000
242	0.214793	0	335	0.000000
243	0.214793	0	350	0.000000
244	0.214793	0	330	0.000000
245	0.214793	0	305	0.000000
246	0.214793	0	290	0.000000
247	0.214793	0	325	0.000000
248	0.214793	0	345	0.000000
249	0.222443	0	325	0.000000
250	0.222443	0	335	0.000000
251	0.357032	0	355	0.000000
252	0.222697	0	305	0.000000
253	0.222697	0	315	0.000000
254	0.222697	0	340	0.000000
255	0.222697	0	290	0.000000
256	0.222697	0	310	0.000000
257	0.222697	0	340	0.000000
258	0.222697	0	335	0.000000
259	0.222697	0	280	0.000000
260	0.222697	0	360	0.000000
261	0.222697	0	330	0.000000
262	0.222697	0	305	0.000000
263	0.222697	0	325	0.000000
264	0.223810	0	315	0.000000
265	0.223810	0	325	0.000000
266	0.223810	0	340	0.000000
267	0.223810	0	270	0.000000
268	0.223810	0	290	0.000000
269	0.223810	0	320	0.000000
270	0.224063	0	275	0.000000
271	0.226249	0	330	0.000000
272	0.224063	0	260	0.000000
273	0.224063	0	290	0.000000
274	0.224063	0	295	0.000000
275	0.224063	0	305	0.000000
276	0.224063	0	265	0.000000
277	0.224063	0	305	0.000000
278	0.224063	0	280	0.000000
279	0.224063	0	320	0.000000
280	0.224063	0	275	0.000000
281	0.224063	0	335	0.000000
282	0.224063	0	265	0.000000
283	0.224063	0	320	0.000000
284	0.224063	0	315	0.000000
285	0.224063	0	275	0.000000
286	0.224063	0	275	0.000000
287	0.224063	0	265	0.000000
288	0.224063	0	285	0.000000
289	0.224746	0	205	0.000000
290	0.224746	0	270	0.000000
291	0.363024	0	260	0.000000
292	0.224746	0	290	0.000000
293	0.363453	0	295	0.000000
294	0.224746	0	230	0.000000
295	0.224746	0	290	0.000000
296	0.224746	0	250	0.000000
297	0.224746	0	285	0.000000
298	0.224746	0	255	0.000000
299	0.359992	0	260	0.000000
300	0.359992	0	255	0.000000
301	0.359992	0	245	0.000000
302	0.361905	0	245	0.000000
303	0.361905	0	225	0.000000
304	0.361905	0	250	0.000000
305	0.357806	0	250	0.000000
306	0.356440	0	260	0.000000
307	0.225566	0	290	0.000000
308	0.356440	0	285	0.000000
309	0.226112	0	305	0.000000
310	0.225566	0	300	0.000000
311	0.225566	0	270	0.000000
312	0.226503	0	225	0.000000
313	0.226503	0	245	0.000000
314	0.226503	0	290	0.000000
315	0.226503	0	290	0.000000
316	0.226503	0	300	0.000000
317	0.226503	0	270	0.000000
318	0.226503	0	295	0.000000
319	0.226503	0	290	0.000000
320	0.226503	0	270	0.000000
321	0.229664	0	270	0.000000
322	0.229664	0	290	0.000000
323	0.229664	0	255	0.000000
324	0.229664	0	295	0.000000
325	0.229664	0	260	0.000000
326	0.229664	0	260	0.000000
327	0.229664	0	265	0.000000
328	0.229664	0	245	0.000000
329	0.229664	0	275	0.000000
330	0.362724	0	285	0.000000
331	0.362724	0	285	0.000000
332	0.362724	0	260	0.000000
333	0.362724	0	235	0.000000
334	0.362724	0	260	0.000000
335	0.362724	0	260	0.000000
336	0.362724	0	235	0.000000
337	0.362724	0	280	0.000000
338	0.362724	0	260	0.000000
339	0.368189	0	250	0.000000
340	0.368189	0	265	0.000000
341	0.368189	0	235	0.000000
342	0.368189	0	255	0.000000
343	0.368618	0	240	0.000000
344	0.366862	0	205	0.000000
345	0.366862	0	245	0.000000
346	0.366862	0	255	0.000000
347	0.366862	0	265	0.000000
348	0.366862	0	250	0.000000
349	0.366862	0	205	0.000000
350	0.366862	0	240	0.000000
351	0.366862	0	245	0.000000
352	0.366862	0	210	0.000000
353	0.368052	0	235	0.000000
354	0.368052	0	240	0.000000
355	0.368052	0	255	0.000000
356	0.368052	0	220	0.000000
357	0.368052	0	210	0.000000
358	0.368052	0	220	0.000000
359	0.368052	0	210	0.000000
360	0.374512	0	265	0.000000
361	0.374512	0	270	0.000000
362	0.374512	0	220	0.000000
363	0.374512	0	205	0.000000
364	0.374512	0	215	0.000000
365	0.374512	0	215	0.000000
366	0.374512	0	215	0.000000
367	0.374512	0	240	0.000000
368	0.374512	0	215	0.000000
369	0.374512	0	195	0.000000
370	0.374512	0	215	0.000000
371	0.374512	0	210	0.000000
372	0.374512	0	215	0.000000
373	0.375546	0	220	0.000000
374	0.375546	0	235	0.000000
375	0.383099	0	180	0.000000
376	0.383099	0	225	0.000000
377	0.375546	0	235	0.000000
378	0.375546	0	255	0.000000
379	0.375546	0	245	0.000000
380	0.375546	0	245	0.000000
381	0.375546	0	245	0.000000
382	0.375546	0	220	0.000000
383	0.378689	0	215	0.000000
384	0.378689	0	215	0.000000
385	0.378689	0	215	0.000000
386	0.378689	0	215	0.000000
387	0.378689	0	180	0.000000
388	0.378689	0	255	0.000000
389	0.378689	0	210	0.000000
390	0.378689	0	255	0.000000
391	0.387588	0	230	0.000000
392	0.387588	0	240	0.000000
393	0.387588	0	205	0.000000
394	0.387588	0	255	0.000000
395	0.387588	0	205	0.000000
396	0.387588	0	205	0.000000
397	0.387588	0	240	0.000000
398	0.387588	0	200	0.000000
399	0.387588	0	190	0.000000
400	0.387588	0	200	0.000000
401	0.387588	0	185	0.000000
402	0.387588	0	220	0.000000
403	0.387588	0	195	0.000000
404	0.387588	0	200	0.000000
405	0.387588	0	205	0.000000
406	0.387588	0	215	0.000000
407	0.387588	0	205	0.000000
408	0.387588	0	200	0.000000
409	0.387588	0	220	0.000000
410	0.387588	0	220	0.000000
411	0.522014	0	200	0.000000
412	0.522014	0	245	0.000000
413	0.522014	0	205	0.000000
414	0.522014	0	200	0.000000
415	0.522014	0	190	0.000000
416	0.532650	0	180	0.000000
417	0.532650	0	220	0.000000
418	0.532650	0	180	0.000000
419	0.532650	0	225	0.000000
420	0.532650	0	190	0.000000
421	0.532650	0	190	0.000000
422	0.532650	0	205	0.000000
423	0.532650	0	195	0.000000
424	0.532650	0	195	0.000000
425	0.532650	0	190	0.000000
426	0.532650	0	165	0.000000
427	0.532650	0	155	0.000000
428	0.532650	0	195	0.000000
429	0.532650	0	220	0.000000
430	0.532650	0	165	0.000000
431	0.532650	0	185	0.000000
432	0.532650	0	205	0.000000
433	0.542077	0	190	0.000000
434	0.542077	0	210	0.000000
435	0.534426	0	220	0.000000
436	0.532650	0	215	0.000000
437	0.532650	0	225	0.000000
438	0.532650	0	195	0.000000
439	0.532650	0	170	0.000000
440	0.532650	0	220	0.000000
441	0.532650	0	220	0.000000
442	0.532650	0	225	0.000000
443	0.532650	0	175	0.000000
444	0.532650	0	180	0.000000
445	0.532650	0	180	0.000000
446	0.532650	0	200	0.000000
447	0.532650	0	195	0.000000
448	0.532650	0	215	0.000000
449	0.532650	0	210	0.000000
450	0.532650	0	220	0.000000
451	0.532650	0	160	0.000000
452	0.532650	0	185	0.000000
453	0.532650	0	235	0.000000
454	0.532650	0	160	0.000000
455	0.532650	0	190	0.000000
456	0.532650	0	185	0.000000
457	0.532650	0	170	0.000000
458	0.532650	0	160	0.000000
459	0.532650	0	190	0.000000
460	0.534016	0	180	0.000000
461	0.534016	0	200	0.000000
462	0.534016	0	185	0.000000
463	0.534016	0	150	0.000000
464	0.534016	0	185	0.000000
465	0.534016	0	180	0.000000
466	0.534016	0	165	0.000000
467	0.534016	0	205	0.000000
468	0.534016	0	150	0.000000
469	0.534016	0	185	0.000000
470	0.542077	0	160	0.000000
471	0.542077	0	135	0.000000
472	0.542077	0	185	0.000000
473	0.542077	0	190	0.000000
474	0.542077	0	155	0.000000
475	0.542077	0	185	0.000000
476	0.542077	0	155	0.000000
477	0.542077	0	160	0.000000
478	0.542077	0	145	0.000000
479	0.542077	0	165	0.000000
480	0.542077	0	190	0.000000
481	0.542077	0	175	0.000000
482	0.542077	0	145	0.000000
483	0.542077	0	190	0.000000
484	0.542077	0	160	0.000000
485	0.542077	0	190	0.000000
486	0.542077	0	185	0.000000
487	0.542077	0	200	0.000000
488	0.542077	0	205	0.000000
489	0.542077	0	170	0.000000
490	0.542077	0	145	0.000000
491	0.542077	0	160	0.000000
492	0.542077	0	165	0.000000
493	0.542077	0	170	0.000000
494	0.542077	0	200	0.000000
495	0.542077	0	200	0.000000
496	0.542077	0	185	0.000000
497	0.542077	0	170	0.000000
498	0.542077	0	150	0.000000
499	0.542077	0	125	0.000000
500	0.542077	0	105	0.000000
501	0.542077	0	140	0.000000
502	0.542077	0	130	0.000000
503	0.542077	0	135	0.000000
504	0.542077	0	115	0.000000
505	0.542077	0	130	0.000000
506	0.542077	0	150	0.000000
507	0.542077	0	205	0.000000
508	0.542077	0	175	0.000000
509	0.697268	0	130	0.000000
510	0.697268	0	130	0.000000
511	0.697268	0	170	0.000000
512	0.697268	0	125	0.000000
513	0.697268	0	130	0.000000
514	0.697268	0	190	0.000000
515	0.697268	0	175	0.000000
516	0.697268	0	100	0.000000
517	0.697268	0	140	0.000000
518	0.697268	0	155	0.000000
519	0.697268	0	110	0.000000
520	0.697268	0	150	0.000000
521	0.697268	0	145	0.000000
522	0.697268	0	130	0.000000
523	0.697268	0	155	0.000000
524	0.697268	0	120	0.000000
525	0.697268	0	170	0.000000
526	0.697268	0	130	0.000000
527	0.697268	0	130	0.000000
528	0.697268	0	160	0.000000
529	0.697268	0	135	0.000000
530	0.697268	0	130	0.000000
531	0.697268	0	160	0.000000
532	0.697268	0	145	0.000000
533	0.697268	0	160	0.000000
534	0.697268	0	150	0.000000
535	0.697268	0	150	0.000000
536	0.697268	0	165	0.000000
537	0.697268	0	180	0.000000
538	0.697268	0	165	0.000000
539	0.697268	0	150	0.000000
540	0.697268	0	160	0.000000
541	0.697268	0	165	0.000000
542	0.697268	0	140	0.000000
543	0.697268	0	125	0.000000
544	0.697268	0	155	0.000000
545	0.697268	0	115	0.000000
546	0.697268	0	155	0.000000
547	0.697268	0	180	0.000000
548	0.697268	0	165	0.000000
549	0.697268	0	130	0.000000
550	0.697268	0	175	0.000000
551	0.697268	0	175	0.000000
552	0.697268	0	145	0.000000
553	0.697268	0	150	0.000000
554	0.697268	0	120	0.000000
555	0.697268	0	140	0.000000
556	0.697268	0	120	0.000000
557	0.697268	0	135	0.000000
558	0.697268	0	130	0.000000
559	0.697268	0	140	0.000000
560	0.697268	0	145	0.000000
561	0.697268	0	135	0.000000
562	0.697268	0	145	0.000000
563	0.697268	0	175	0.000000
564	0.697268	0	130	0.000000
565	0.697268	0	115	0.000000
566	0.697268	0	175	0.000000
567	0.697268	0	135	0.000000
568	0.697268	0	165	0.000000
569	0.697268	0	145	0.000000
570	0.697268	0	175	0.000000
571	0.697268	0	150	0.000000
572	0.697268	0	130	0.000000
573	0.697268	0	170	0.000000
574	0.697268	0	160	0.000000
575	0.697268	0	180	0.000000
576	0.697268	0	160	0.000000
577	0.697268	0	130	0.000000
578	0.697268	0	105	0.000000
579	0.697268	0	110	0.000000
580	0.697268	0	135	0.000000
581	0.697268	0	125	0.000000
582	0.697268	0	140	0.000000
583	0.697268	0	170	0.000000
584	0.697268	0	135	0.000000
585	0.697268	0	130	0.000000
586	0.697268	0	110	0.000000
587	0.697268	0	135	0.000000
588	0.697268	0	115	0.000000
589	0.697268	0	75	0.000000
590	0.697268	0	120	0.000000
591	0.697268	0	85	0.000000
592	0.697268	0	140	0.000000
593	0.697268	0	120	0.000000
594	0.697268	0	105	0.000000
595	0.697268	0	130	0.000000
596	0.697268	0	140	0.000000
597	0.697268	0	115	0.000000
598	0.697268	0	115	0.000000
599	0.697268	0	130	0.000000
600	0.697268	0	140	0.000000
601	0.697268	0	155	0.000000
602	0.852459	0	120	0.000000
603	0.852459	0	160	0.000000
604	0.852459	0	135	0.000000
605	0.852459	0	100	0.000000
606	0.852459	0	100	0.000000
607	0.852459	0	150	0.000000
608	0.852459	0	115	0.000000
609	0.852459	0	95	0.000000
610	0.852459	0	125	0.000000
611	0.852459	0	110	0.000000
612	0.852459	0	95	0.000000
613	0.852459	0	150	0.000000
614	0.852459	0	145	0.000000
615	0.852459	0	130	0.000000
616	0.852459	0	150	0.000000
617	0.852459	0	150	0.000000
618	0.852459	0	125	0.000000
619	0.852459	0	125	0.000000
620	0.852459	0	135	0.000000
621	0.852459	0	140	0.000000
622	0.852459	0	170	0.000000
623	0.852459	0	115	0.000000
624	0.852459	0	120	0.000000
625	0.852459	0	125	0.000000
626	0.852459	0	115	0.000000
627	0.852459	0	120	0.000000
628	0.852459	0	105	0.000000
629	0.852459	0	135	0.000000
630	0.852459	0	105	0.000000
631	0.852459	0	70	0.000000
632	0.852459	0	135	0.000000
633	0.852459	0	130	0.000000
634	0.852459	0	100	0.000000
635	0.852459	0	135	0.000000
636	0.852459	0	150	0.000000
637	0.852459	0	160	0.000000
638	0.852459	0	120	0.000000
639	0.852459	0	120	0.000000
640	0.852459	0	165	0.000000
641	0.852459	0	100	0.000000
642	0.852459	0	150	0.000000
643	0.852459	0	130	0.000000
644	0.852459	0	95	0.000000
645	0.852459	0	130	0.000000
646	0.852459	0	165	0.000000
647	0.852459	0	140	0.000000
648	0.852459	0	120	0.000000
649	0.852459	0	125	0.000000
650	0.852459	0	130	0.000000
651	0.852459	0	105	0.000000
652	0.852459	0	125	0.000000
653	0.852459	0	100	0.000000
654	0.852459	0	100	0.000000
655	0.852459	0	100	0.000000
656	0.852459	0	130	0.000000
657	0.852459	0	125	0.000000
658	0.852459	0	115	0.000000
659	0.852459	0	120	0.000000
660	0.852459	0	110	0.000000
661	0.852459	0	95	0.000000
662	0.852459	0	85	0.000000
663	0.852459	0	120	0.000000
664	0.852459	0	120	0.000000
665	0.852459	0	120	0.000000
666	0.852459	0	80	0.000000
667	0.852459	0	95	0.000000
668	0.852459	0	90	0.000000
669	0.852459	0	85	0.000000
670	0.852459	0	95	0.000000
671	0.852459	0	110	0.000000
672	0.852459	0	105	0.000000
673	0.852459	0	140	0.000000
674	0.852459	0	125	0.000000
675	0.852459	0	110	0.000000
676	0.852459	0	120	0.000000
677	0.852459	0	120	0.000000
678	0.852459	0	100	0.000000
679	0.852459	0	140	0.000000
680	0.852459	0	100	0.000000
681	0.852459	0	130	0.000000
682	0.852459	0	145	0.000000
683	0.852459	0	105	0.000000
684	0.852459	0	100	0.000000
685	0.852459	0	115	0.000000
686	0.852459	0	105	0.000000
687	0.852459	0	100	0.000000
688	0.852459	0	90	0.000000
689	0.852459	0	80	0.000000
690	0.852459	0	115	0.000000
691	0.852459	0	95	0.000000
692	0.852459	0	100	0.000000
693	0.852459	0	100	0.000000
694	0.852459	0	95	0.000000
695	0.852459	0	70	0.000000
696	0.852459	0	85	0.000000
697	0.852459	0	90	0.000000
698	0.852459	0	115	0.000000
699	0.852459	0	120	0.000000
700	0.852459	0	90	0.000000
701	0.852459	0	60	0.000000
702	0.852459	0	95	0.000000
703	0.852459	0	100	0.000000
704	0.852459	0	85	0.000000
705	0.852459	0	85	0.000000
706	0.852459	0	105	0.000000
707	0.852459	0	95	0.000000
708	0.852459	0	80	0.000000
709	0.852459	0	95	0.000000
710	0.852459	0	85	0.000000
711	0.852459	0	75	0.000000
712	0.852459	0	75	0.000000
713	0.852459	0	95	0.000000
714	0.852459	0	75	0.000000
715	0.852459	0	95	0.000000
716	0.852459	0	60	0.000000
717	0.852459	0	80	0.000000
718	0.852459	0	85	0.000000
719	0.852459	0	100	0.000000
720	0.852459	0	90	0.000000
721	0.852459	0	95	0.000000
722	0.852459	0	85	0.000000
723	0.852459	0	110	0.000000
724	0.852459	0	95	0.000000
725	0.852459	0	115	0.000000
726	0.852459	0	90	0.000000
727	0.852459	0	85	0.000000
728	0.852459	0	85	0.000000
729	0.852459	0	95	0.000000
730	0.852459	0	85	0.000000
731	0.852459	0	55	0.000000
732	0.852459	0	70	0.000000
733	0.852459	0	70	0.000000
734	0.852459	0	60	0.000000
735	0.852459	0	80	0.000000
736	0.852459	0	90	0.000000
737	0.852459	0	90	0.000000
738	0.852459	0	100	0.000000
739	0.852459	0	85	0.000000
740	0.852459	0	35	0.000000
741	0.852459	0	70	0.000000
742	0.852459	0	65	0.000000
743	0.852459	0	65	0.000000
744	0.852459	0	80	0.000000
745	0.852459	0	85	0.000000
746	0.852459	0	55	0.000000
747	0.852459	0	50	0.000000
748	0.852459	0	60	0.000000
749	0.852459	0	70	0.000000
750	0.852459	0	70	0.000000
751	0.852459	0	90	0.000000
752	0.852459	0	75	0.000000
753	0.852459	0	75	0.000000
754	0.852459	0	95	0.000000
755	0.852459	0	70	0.000000
756	0.852459	0	50	0.000000
757	0.852459	0	70	0.000000
758	0.852459	0	65	0.000000
759	0.852459	0	45	0.000000
760	0.852459	0	90	0.000000
761	0.852459	0	80	0.000000
762	0.852459	0	80	0.000000
763	0.852459	0	75	0.000000
764	0.852459	0	90	0.000000
765	0.852459	0	75	0.000000
766	0.852459	0	85	0.000000
767	0.852459	0	60	0.000000
768	0.852459	0	70	0.000000
769	0.852459	0	75	0.000000
770	0.852459	0	60	0.000000
771	0.852459	0	35	0.000000
772	0.852459	0	65	0.000000
773	0.852459	0	35	0.000000
774	0.852459	0	75	0.000000
775	0.852459	0	85	0.000000
776	0.852459	0	70	0.000000
777	0.852459	0	95	0.000000
778	0.852459	0	90	0.000000
779	0.852459	0	90	0.000000
780	0.852459	0	95	0.000000
781	0.852459	0	105	0.000000
782	0.852459	0	95	0.000000
783	0.852459	0	80	0.000000
784	0.852459	0	110	0.000000
785	0.852459	0	110	0.000000
786	0.852459	0	90	0.000000
787	0.852459	0	95	0.000000
788	0.852459	0	55	0.000000
789	0.852459	0	85	0.000000
790	0.852459	0	85	0.000000
791	0.852459	0	65	0.000000
792	0.852459	0	65	0.000000
793	0.852459	0	75	0.000000
794	0.852459	0	45	0.000000
795	0.852459	0	70	0.000000
796	0.852459	0	65	0.000000
797	0.852459	0	55	0.000000
798	0.852459	0	45	0.000000
799	0.852459	0	50	0.000000
800	0.852459	0	50	0.000000
801	0.852459	0	35	0.000000
802	0.852459	0	65	0.000000
803	0.852459	0	45	0.000000
804	0.852459	0	75	0.000000
805	0.852459	0	65	0.000000
806	0.852459	0	70	0.000000
807	0.852459	0	65	0.000000
808	0.852459	0	70	0.000000
809	0.852459	0	60	0.000000
810	0.852459	0	55	0.000000
811	0.852459	0	60	0.000000
812	0.852459	0	80	0.000000
813	0.852459	0	40	0.000000
814	0.852459	0	90	0.000000
815	0.852459	0	65	0.000000
816	0.852459	0	40	0.000000
817	0.852459	0	60	0.000000
818	0.852459	0	70	0.000000
819	0.852459	0	70	0.000000
820	0.852459	0	75	0.000000
821	0.852459	0	45	0.000000
822	0.852459	0	45	0.000000
823	0.852459	0	55	0.000000
824	0.852459	0	75	0.000000
825	0.852459	0	70	0.000000
826	0.852459	0	85	0.000000
827	0.852459	0	55	0.000000
828	0.852459	0	70	0.000000
829	0.852459	0	80	0.000000
830	0.852459	0	65	0.000000
831	0.852459	0	45	0.000000
832	0.852459	0	50	0.000000
833	0.852459	0	65	0.000000
834	0.852459	0	55	0.000000
835	0.852459	0	75	0.000000
836	0.852459	0	40	0.000000
837	0.852459	0	40	0.000000
838	0.852459	0	75	0.000000
839	1.000000	0	40	0.000000
840	1.000000	0	50	0.000000
841	1.000000	0	50	0.000000
842	1.000000	0	40	0.000000
843	1.000000	0	65	0.000000
844	1.000000	0	30	0.000000
845	1.000000	0	70	0.000000
846	0.852459	0	45	0.000000
847	0.852459	0	30	0.000000
848	0.852459	0	50	0.000000
849	0.852459	0	55	0.000000
850	0.852459	0	45	0.000000
851	0.852459	0	35	0.000000
852	0.852459	0	45	0.000000
853	0.852459	0	85	0.000000
854	0.852459	0	40	0.000000
855	0.852459	0	35	0.000000
856	0.852459	0	35	0.000000
857	0.852459	0	40	0.000000
858	0.852459	0	60	0.000000
859	0.852459	0	50	0.000000
860	0.852459	0	55	0.000000
861	0.852459	0	35	0.000000
862	0.852459	0	35	0.000000
863	0.852459	0	40	0.000000
864	0.852459	0	35	0.000000
865	0.852459	0	45	0.000000
866	0.852459	0	40	0.000000
867	0.852459	0	50	0.000000
868	0.852459	0	40	0.000000
869	0.852459	0	40	0.000000
870	0.852459	0	55	0.000000
871	0.852459	0	35	0.000000
872	0.852459	0	45	0.000000
873	0.852459	0	45	0.000000
874	0.852459	0	45	0.000000
875	0.852459	0	45	0.000000
876	0.852459	0	55	0.000000
877	0.852459	0	55	0.000000
878	0.852459	0	50	0.000000
879	0.852459	0	55	0.000000
880	0.852459	0	55	0.000000
881	0.852459	0	60	0.000000
882	0.852459	0	60	0.000000
883	0.852459	0	50	0.000000
884	0.852459	0	55	0.000000
885	0.852459	0	60	0.000000
886	0.852459	0	50	0.000000
887	0.852459	0	30	0.000000
888	0.852459	0	35	0.000000
889	0.852459	0	30	0.000000
890	0.852459	0	50	0.000000
891	0.852459	0	55	0.000000
892	0.852459	0	55	0.000000
893	0.852459	0	100	0.000000
894	0.852459	0	40	0.000000
895	0.852459	0	70	0.000000
896	0.852459	0	30	0.000000
897	0.852459	0	40	0.000000
898	0.852459	0	45	0.000000
899	0.852459	0	60	0.000000
900	0.852459	0	50	0.000000
901	0.852459	0	60	0.000000
902	0.852459	0	50	0.000000
903	0.852459	0	65	0.000000
904	0.852459	0	60	0.000000
905	0.852459	0	40	0.000000
906	0.852459	0	55	0.000000
907	0.852459	0	50	0.000000
908	0.852459	0	50	0.000000
909	0.852459	0	40	0.000000
910	0.852459	0	35	0.000000
911	0.852459	0	25	0.000000
912	0.852459	0	25	0.000000
913	0.852459	0	45	0.000000
914	0.852459	0	50	0.000000
915	0.852459	0	40	0.000000
916	0.852459	0	45	0.000000
917	0.852459	0	30	0.000000
918	0.852459	0	45	0.000000
919	0.852459	0	50	0.000000
920	0.852459	0	55	0.000000
921	0.852459	0	25	0.000000
922	0.852459	0	35	0.000000
923	0.852459	0	65	0.000000
924	0.852459	0	45	0.000000
925	0.852459	0	40	0.000000
926	0.852459	0	30	0.000000
927	0.852459	0	10	0.000000
928	0.852459	0	30	0.000000
929	0.852459	0	45	0.000000
930	0.852459	0	20	0.000000
931	0.852459	0	35	0.000000
932	0.852459	0	40	0.000000
933	0.852459	0	25	0.000000
934	0.852459	0	40	0.000000
935	0.852459	0	35	0.000000
936	0.852459	0	45	0.000000
937	0.852459	0	35	0.000000
938	0.852459	0	35	0.000000
939	0.852459	0	65	0.000000
940	0.852459	0	25	0.000000
941	0.852459	0	55	0.000000
942	0.852459	0	40	0.000000
943	0.852459	0	45	0.000000
944	0.852459	0	30	0.000000
945	0.852459	0	30	0.000000
946	0.852459	0	50	0.000000
947	0.852459	0	25	0.000000
948	0.852459	0	35	0.000000
949	0.852459	0	40	0.000000
950	0.852459	0	25	0.000000
951	0.852459	0	50	0.000000
952	0.852459	0	30	0.000000
953	0.852459	0	20	0.000000
954	0.852459	0	25	0.000000
955	0.852459	0	30	0.000000
956	0.852459	0	35	0.000000
957	0.852459	0	25	0.000000
958	0.852459	0	10	0.000000
959	0.852459	0	35	0.000000
960	0.852459	0	20	0.000000
961	0.852459	0	45	0.000000
962	0.852459	0	50	0.000000
963	0.852459	0	25	0.000000
964	0.852459	0	35	0.000000
965	0.852459	0	30	0.000000
966	0.852459	0	30	0.000000
967	0.852459	0	35	0.000000
968	0.852459	0	45	0.000000
969	0.852459	0	40	0.000000
970	0.852459	0	25	0.000000
971	0.852459	0	45	0.000000
972	0.852459	0	50	0.000000
973	0.852459	0	45	0.000000
974	0.852459	0	35	0.000000
975	0.852459	0	40	0.000000
976	0.852459	0	25	0.000000
977	0.852459	0	40	0.000000
978	0.852459	0	35	0.000000
979	0.852459	0	35	0.000000
980	0.852459	0	30	0.000000
981	0.852459	0	20	0.000000
982	0.852459	0	35	0.000000
983	0.852459	0	25	0.000000
984	0.852459	0	35	0.000000
985	0.852459	0	40	0.000000
986	0.852459	0	40	0.000000
987	0.852459	0	15	0.000000
988	0.852459	0	40	0.000000
989	0.852459	0	40	0.000000
990	0.852459	0	25	0.000000
991	0.852459	0	35	0.000000
992	0.852459	0	40	0.000000
993	0.852459	0	25	0.000000
994	0.852459	0	25	0.000000
995	0.852459	0	15	0.000000
996	0.852459	0	25	0.000000
997	0.852459	0	25	0.000000
998	0.852459	0	30	0.000000
999	0.852459	0	30	0.000000
1000	0.852459	0	35	0.000000
1001	0.852459	0	35	0.000000
1002	0.852459	0	35	0.000000
1003	0.852459	0	30	0.000000
1004	0.852459	0	15	0.000000
1005	0.852459	0	15	0.000000
1006	0.852459	0	20	0.000000
1007	0.852459	0	30	0.000000
1008	0.852459	0	20	0.000000
1009	0.852459	0	45	0.000000
1010	0.852459	0	40	0.000000
1011	0.852459	0	15	0.000000
1012	0.852459	0	30	0.000000
1013	0.852459	0	40	0.000000
1014	0.852459	0	25	0.000000
1015	0.852459	0	20	0.000000
1016	0.852459	0	30	0.000000
1017	0.852459	0	40	0.000000
1018	0.852459	0	20	0.000000
1019	0.852459	0	30	0.000000
1020	0.852459	0	25	0.000000
1021	0.852459	0	15	0.000000
1022	0.852459	0	25	0.000000
1023	0.852459	0	25	0.000000
1024	0.852459	0	20	0.000000
1025	0.852459	0	20	0.000000
1026	0.852459	0	35	0.000000
1027	0.852459	0	20	0.000000
1028	0.852459	0	30	0.000000
1029	0.852459	0	25	0.000000
1030	0.852459	0	20	0.000000
1031	0.852459	0	20	0.000000
1032	0.852459	0	25	0.000000
1033	0.852459	0	35	0.000000
1034	1.000000	0	30	0.000000
1035	1.000000	0	25	0.000000
1036	1.000000	0	15	0.000000
1037	1.000000	0	20	0.000000
1038	1.000000	0	30	0.000000
1039	1.000000	0	20	0.000000
1040	1.000000	0	30	0.000000
1041	1.000000	0	30	0.000000
1042	1.000000	0	25	0.000000
1043	1.000000	0	20	0.000000
1044	1.000000	0	40	0.000000
1045	1.000000	0	25	0.000000
1046	1.000000	0	15	0.000000
1047	1.000000	0	15	0.000000
1048	1.000000	0	30	0.000000
1049	1.000000	0	20	0.000000
1050	1.000000	0	5	0.000000
1051	1.000000	0	45	0.000000
1052	1.000000	0	40	0.000000
1053	1.000000	0	30	0.000000
1054	1.000000	0	40	0.000000
1055	1.000000	0	30	0.000000
1056	1.000000	0	35	0.000000
1057	1.000000	0	25	0.000000
1058	1.000000	0	40	0.000000
1059	1.000000	0	35	0.000000
1060	1.000000	0	25	0.000000
1061	1.000000	0	35	0.000000
1062	1.000000	0	30	0.000000
1063	1.000000	0	35	0.000000
1064	1.000000	0	25	0.000000
1065	1.000000	0	60	0.000000
1066	1.000000	0	40	0.000000
1067	1.000000	0	35	0.000000
1068	1.000000	0	35	0.000000
1069	1.000000	0	30	0.000000
1070	1.000000	0	50	0.000000
1071	1.000000	0	15	0.000000
1072	1.000000	0	30	0.000000
1073	1.000000	0	20	0.000000
1074	1.000000	0	20	0.000000
1075	1.000000	0	15	0.000000
1076	1.000000	0	40	0.000000
1077	1.000000	0	30	0.000000
1078	1.000000	0	20	0.000000
1079	1.000000	0	15	0.000000
1080	1.000000	0	25	0.000000
1081	1.000000	0	25	0.000000
1082	1.000000	0	35	0.000000
1083	1.000000	0	50	0.000000
1084	1.000000	0	35	0.000000
1085	1.000000	0	30	0.000000
1086	1.000000	0	20	0.000000
1087	1.000000	0	15	0.000000
1088	1.000000	0	20	0.000000
1089	1.000000	0	20	0.000000
1090	1.000000	0	25	0.000000
1091	1.000000	0	30	0.000000
1092	1.000000	0	15	0.000000
1093	1.000000	0	30	0.000000
1094	1.000000	0	35	0.000000
1095	1.000000	0	30	0.000000
1096	1.000000	0	25	0.000000
1097	1.000000	0	40	0.000000
1098	1.000000	0	20	0.000000
1099	1.000000	0	40	0.000000
1100	1.000000	0	10	0.000000
1101	1.000000	0	25	0.000000
1102	1.000000	0	25	0.000000
1103	1.000000	0	35	0.000000
1104	1.000000	0	30	0.000000
1105	1.000000	0	35	0.000000
1106	1.000000	0	40	0.000000
1107	1.000000	0	10	0.000000
1108	1.000000	0	20	0.000000
1109	1.000000	0	40	0.000000
1110	1.000000	0	40	0.000000
1111	1.000000	0	15	0.000000
1112	1.000000	0	25	0.000000
1113	1.000000	0	20	0.000000
1114	1.000000	0	25	0.000000
1115	1.000000	0	25	0.000000
1116	1.000000	0	5	0.000000
1117	1.000000	0	10	0.000000
1118	1.000000	0	5	0.000000
1119	1.000000	0	5	0.000000
1120	1.000000	0	10	0.000000
1121	1.000000	0	15	0.000000
1122	1.000000	0	20	0.000000
1123	1.000000	0	20	0.000000
1124	1.000000	0	30	0.000000
1125	1.000000	0	25	0.000000
1126	1.000000	0	10	0.000000
1127	1.000000	0	5	0.000000
1128	1.000000	0	20	0.000000
1129	1.000000	0	10	0.000000
1130	1.000000	0	15	0.000000
1131	1.000000	0	25	0.000000
1132	1.000000	0	10	0.000000
1133	1.000000	0	10	0.000000
1134	1.000000	0	20	0.000000
1135	1.000000	0	20	0.000000
1136	1.000000	0	15	0.000000
1137	1.000000	0	15	0.000000
1138	1.000000	0	5	0.000000
1139	1.000000	0	15	0.000000
1140	1.000000	0	25	0.000000
1141	1.000000	0	20	0.000000
1142	1.000000	0	10	0.000000
1143	1.000000	0	25	0.000000
1144	1.000000	0	20	0.000000
1145	1.000000	0	10	0.000000
1146	1.000000	0	30	0.000000
1147	1.000000	0	20	0.000000
1148	1.000000	0	15	0.000000
1149	1.000000	0	25	0.000000
1150	1.000000	0	10	0.000000
1151	1.000000	0	20	0.000000
1152	1.000000	0	20	0.000000
1153	1.000000	0	25	0.000000
1154	1.000000	0	30	0.000000
1155	1.000000	0	30	0.000000
1156	1.000000	0	35	0.000000
1157	1.000000	0	20	0.000000
1158	1.000000	0	35	0.000000
1159	1.000000	0	10	0.000000
1160	1.000000	0	20	0.000000
1161	1.000000	0	25	0.000000
1162	1.000000	0	15	0.000000
1163	1.000000	0	25	0.000000
1164	1.000000	0	25	0.000000
1165	1.000000	0	5	0.000000
1166	1.000000	0	15	0.000000
1167	1.000000	0	10	0.000000
1168	1.000000	0	15	0.000000
1169	1.000000	0	20	0.000000
1170	1.000000	0	10	0.000000
1171	1.000000	0	10	0.000000
1172	1.000000	0	10	0.000000
1173	1.000000	0	15	0.000000
1174	1.000000	0	10	0.000000
1175	1.000000	0	20	0.000000
1176	1.000000	0	10	0.000000
1177	1.000000	0	15	0.000000
1178	1.000000	0	25	0.000000
1179	1.000000	0	5	0.000000
1180	1.000000	0	10	0.000000
1181	1.000000	0	15	0.000000
1182	1.000000	0	40	0.000000
1183	1.000000	0	20	0.000000
1184	1.000000	0	15	0.000000
1185	1.000000	0	10	0.000000
1186	1.000000	0	5	0.000000
1187	1.000000	0	0	0.000000
1188	1.000000	0	10	0.000000
1189	1.000000	0	10	0.000000
1190	1.000000	0	20	0.000000
1191	1.000000	0	20	0.000000
1192	1.000000	0	20	0.000000
1193	1.000000	0	20	0.000000
1194	1.000000	0	10	0.000000
1195	1.000000	0	5	0.000000
1196	1.000000	0	15	0.000000
1197	1.000000	0	5	0.000000
1198	1.000000	0	20	0.000000
1199	1.000000	0	25	0.000000
1200	1.000000	0	10	0.000000
1201	1.000000	0	5	0.000000
1202	1.000000	0	20	0.000000
1203	1.000000	0	15	0.000000
1204	1.000000	0	20	0.000000
1205	1.000000	0	25	0.000000
1206	1.000000	0	15	0.000000
1207	1.000000	0	5	0.000000
1208	1.000000	0	15	0.000000
1209	1.000000	0	15	0.000000
1210	1.000000	0	10	0.000000
1211	1.000000	0	40	0.000000
1212	1.000000	0	25	0.000000
1213	1.000000	0	25	0.000000
1214	1.000000	0	10	0.000000
1215	1.000000	0	35	0.000000
1216	1.000000	0	30	0.000000
1217	1.000000	0	25	0.000000
1218	1.000000	0	30	0.000000
1219	1.000000	0	15	0.000000
1220	1.000000	0	10	0.000000
1221	1.000000	0	30	0.000000
1222	1.000000	0	15	0.000000
1223	1.000000	0	30	0.000000
1224	1.000000	0	10	0.000000
1225	1.000000	0	10	0.000000
1226	1.000000	0	10	0.000000
1227	1.000000	0	25	0.000000
1228	1.000000	0	20	0.000000
1229	1.000000	0	15	0.000000
1230	1.000000	0	25	0.000000
1231	1.000000	0	15	0.000000
1232	1.000000	0	25	0.000000
1233	1.000000	0	15	0.000000
1234	1.000000	0	15	0.000000
1235	1.000000	0	20	0.000000
1236	1.000000	0	20	0.000000
1237	1.000000	0	5	0.000000
1238	1.000000	0	25	0.000000
1239	1.000000	0	5	0.000000
1240	1.000000	0	5	0.000000
1241	1.000000	0	5	0.000000
1242	1.000000	0	5	0.000000
1243	1.000000	0	5	0.000000
1244	1.000000	0	5	0.000000
1245	1.000000	0	10	0.000000
1246	1.000000	0	5	0.000000
1247	1.000000	0	5	0.000000
1248	1.000000	0	10	0.000000
1249	1.000000	0	0	0.000000
1250	1.000000	0	10	0.000000
1251	1.000000	0	10	0.000000
1252	1.000000	0	15	0.000000
1253	1.000000	0	10	0.000000
1254	1.000000	0	5	0.000000
1255	1.000000	0	10	0.000000
1256	1.000000	0	15	0.000000
1257	1.000000	0	5	0.000000
1258	1.000000	0	20	0.000000
1259	1.000000	0	15	0.000000
1260	1.000000	0	20	0.000000
1261	1.000000	0	15	0.000000
1262	1.000000	0	20	0.000000
1263	1.000000	0	20	0.000000
1264	1.000000	0	15	0.000000
1265	1.000000	0	15	0.000000
1266	1.000000	0	5	0.000000
1267	1.000000	0	20	0.000000
1268	1.000000	0	10	0.000000
1269	1.000000	0	15	0.000000
1270	1.000000	0	15	0.000000
1271	1.000000	0	20	0.000000
1272	1.000000	0	20	0.000000
1273	1.000000	0	0	0.000000
1274	1.000000	0	25	0.000000
1275	1.000000	0	15	0.000000
1276	1.000000	0	5	0.000000
1277	1.000000	0	25	0.000000
1278	1.000000	0	10	0.000000
1279	1.000000	0	5	0.000000
1280	1.000000	0	10	0.000000
1281	1.000000	0	10	0.000000
1282	1.000000	0	0	0.000000
1283	1.000000	0	5	0.000000
1284	1.000000	0	10	0.000000
1285	1.000000	0	10	0.000000
1286	1.000000	0	10	0.000000
1287	1.000000	0	10	0.000000
1288	1.000000	0	10	0.000000
1289	1.000000	0	10	0.000000
1290	1.000000	0	5	0.000000
1291	1.000000	0	5	0.000000
1292	1.000000	0	10	0.000000
1293	1.000000	0	0	0.000000
1294	1.000000	0	15	0.000000
1295	1.000000	0	15	0.000000
1296	1.000000	0	10	0.000000
1297	1.000000	0	10	0.000000
1298	1.000000	0	15	0.000000
1299	1.000000	0	10	0.000000
1300	1.000000	0	10	0.000000
1301	1.000000	0	10	0.000000
1302	1.000000	0	5	0.000000
1303	1.000000	0	10	0.000000
1304	1.000000	0	5	0.000000
1305	1.000000	0	10	0.000000
1306	1.000000	0	0	0.000000
1307	1.000000	0	0	0.000000
1308	1.000000	0	5	0.000000
1309	1.000000	0	0	0.000000
1310	1.000000	0	5	0.000000
1311	1.000000	0	10	0.000000
1312	1.000000	0	0	0.000000
1313	1.000000	0	5	0.000000
1314	1.000000	0	10	0.000000
1315	1.000000	0	10	0.000000
1316	1.000000	0	20	0.000000
1317	1.000000	0	0	0.000000
1318	1.000000	0	5	0.000000
1319	1.000000	0	20	0.000000
1320	1.000000	0	0	0.000000
1321	1.000000	0	5	0.000000
1322	1.000000	0	0	0.000000
1323	1.000000	0	5	0.000000
1324	1.000000	0	10	0.000000
1325	1.000000	0	10	0.000000
1326	1.000000	0	5	0.000000
1327	1.000000	0	0	0.000000
1328	1.000000	0	10	0.000000
1329	1.000000	0	10	0.000000
1330	1.000000	0	10	0.000000
1331	1.000000	0	15	0.000000
1332	1.000000	0	10	0.000000
1333	1.000000	0	15	0.000000
1334	1.000000	0	10	0.000000
1335	1.000000	0	10	0.000000
1336	1.000000	0	15	0.000000
1337	1.000000	0	10	0.000000
1338	1.000000	0	0	0.000000
1339	1.000000	0	10	0.000000
1340	1.000000	0	10	0.000000
1341	1.000000	0	20	0.000000
1342	1.000000	0	10	0.000000
1343	1.000000	0	10	0.000000
1344	1.000000	0	15	0.000000
1345	1.000000	0	15	0.000000
1346	1.000000	0	10	0.000000
1347	1.000000	0	5	0.000000
1348	1.000000	0	10	0.000000
1349	1.000000	0	5	0.000000
1350	1.000000	0	5	0.000000
1351	1.000000	0	15	0.000000
1352	1.000000	0	10	0.000000
1353	1.000000	0	10	0.000000
1354	1.000000	0	15	0.000000
1355	1.000000	0	5	0.000000
1356	1.000000	0	10	0.000000
1357	1.000000	0	15	0.000000
1358	1.000000	0	10	0.000000
1359	1.000000	0	10	0.000000
1360	1.000000	0	20	0.000000
1361	1.000000	0	10	0.000000
1362	1.000000	0	0	0.000000
1363	1.000000	0	20	0.000000
1364	1.000000	0	20	0.000000
1365	1.000000	0	10	0.000000
1366	1.000000	0	10	0.000000
1367	1.000000	0	15	0.000000
1368	1.000000	0	10	0.000000
1369	1.000000	0	20	0.000000
1370	1.000000	0	15	0.000000
1371	1.000000	0	20	0.000000
1372	1.000000	0	5	0.000000
1373	1.000000	0	15	0.000000
1374	1.000000	0	20	0.000000
1375	1.000000	0	15	0.000000
1376	1.000000	0	15	0.000000
1377	1.000000	0	10	0.000000
1378	1.000000	0	20	0.000000
1379	1.000000	0	10	0.000000
1380	1.000000	0	10	0.000000
1381	1.000000	0	10	0.000000
1382	1.000000	0	5	0.000000
1383	1.000000	0	15	0.000000
1384	1.000000	0	5	0.000000
1385	1.000000	0	5	0.000000
1386	1.000000	0	15	0.000000
1387	1.000000	0	15	0.000000
1388	1.000000	0	10	0.000000
1389	1.000000	0	10	0.000000
1390	1.000000	0	10	0.000000
1391	1.000000	0	10	0.000000
1392	1.000000	0	10	0.000000
1393	1.000000	0	5	0.000000
1394	1.000000	0	15	0.000000
1395	1.000000	0	15	0.000000
1396	1.000000	0	25	0.000000
1397	1.000000	0	15	0.000000
1398	1.000000	0	0	0.000000
1399	1.000000	0	10	0.000000
1400	1.000000	0	20	0.000000
1401	1.000000	0	5	0.000000
1402	1.000000	0	0	0.000000
1403	1.000000	0	0	0.000000
1404	1.000000	0	10	0.000000
1405	1.000000	0	15	0.000000
1406	1.000000	0	15	0.000000
1407	1.000000	0	10	0.000000
1408	1.000000	0	10	0.000000
1409	1.000000	0	15	0.000000
1410	1.000000	0	15	0.000000
1411	1.000000	0	15	0.000000
1412	1.000000	0	10	0.000000
1413	1.000000	0	10	0.000000
1414	1.000000	0	5	0.000000
1415	1.000000	0	20	0.000000
1416	1.000000	0	5	0.000000
1417	1.000000	0	5	0.000000
1418	1.000000	0	10	0.000000
1419	1.000000	0	10	0.000000
1420	1.000000	0	10	0.000000
1421	1.000000	0	10	0.000000
1422	1.000000	0	15	0.000000
1423	1.000000	0	25	0.000000
1424	1.000000	0	10	0.000000
1425	1.000000	0	15	0.000000
1426	1.000000	0	10	0.000000
1427	1.000000	0	10	0.000000
1428	1.000000	0	15	0.000000
1429	1.000000	0	10	0.000000
1430	1.000000	0	10	0.000000
1431	1.000000	0	15	0.000000
1432	1.000000	0	15	0.000000
1433	1.000000	0	15	0.000000
1434	1.000000	0	10	0.000000
1435	1.000000	0	15	0.000000
1436	1.000000	0	10	0.000000
1437	1.000000	0	10	0.000000
1438	1.000000	0	10	0.000000
1439	1.000000	0	5	0.000000
1440	1.000000	0	15	0.000000
1441	1.000000	0	10	0.000000
1442	1.000000	0	5	0.000000
1443	1.000000	0	10	0.000000
1444	1.000000	0	10	0.000000
1445	1.000000	0	10	0.000000
1446	1.000000	0	10	0.000000
1447	1.000000	0	5	0.000000
1448	1.000000	0	10	0.000000
1449	1.000000	0	5	0.000000
1450	1.000000	0	5	0.000000
1451	1.000000	0	10	0.000000
1452	1.000000	0	10	0.000000
1453	1.000000	0	0	0.000000
1454	1.000000	0	10	0.000000
1455	1.000000	0	10	0.000000
1456	1.000000	0	15	0.000000
1457	1.000000	0	10	0.000000
1458	1.000000	0	5	0.000000
1459	1.000000	0	0	0.000000
1460	1.000000	0	0	0.000000
1461	1.000000	0	5	0.000000
1462	1.000000	0	5	0.000000
1463	1.000000	0	10	0.000000
1464	1.000000	0	5	0.000000
1465	1.000000	0	0	0.000000
1466	1.000000	0	0	0.000000
1467	1.000000	0	5	0.000000
1468	1.000000	0	5	0.000000
1469	1.000000	0	5	0.000000
1470	1.000000	0	5	0.000000
1471	1.000000	0	5	0.000000
1472	1.000000	0	0	0.000000
1473	1.000000	0	5	0.000000
1474	1.000000	0	5	0.000000
1475	1.000000	0	5	0.000000
1476	1.000000	0	5	0.000000
1477	1.000000	0	0	0.000000
1478	1.000000	0	5	0.000000
1479	1.000000	0	5	0.000000
1480	1.000000	0	5	0.000000
1481	1.000000	0	10	0.000000
1482	1.000000	0	5	0.000000
1483	1.000000	0	5	0.000000
1484	1.000000	0	10	0.000000
1485	1.000000	0	0	0.000000
1486	1.000000	0	5	0.000000
1487	1.000000	0	5	0.000000
1488	1.000000	0	5	0.000000
1489	1.000000	0	15	0.000000
1490	1.000000	0	0	0.000000
1491	1.000000	0	10	0.000000
1492	1.000000	0	0	0.000000
1493	1.000000	0	10	0.000000
1494	1.000000	0	15	0.000000
1495	1.000000	0	0	0.000000
1496	1.000000	0	15	0.000000
1497	1.000000	0	5	0.000000
1498	1.000000	0	5	0.000000
1499	1.000000	0	5	0.000000
1500	1.000000	0	5	0.000000
1501	1.000000	0	0	0.000000
1502	1.000000	0	10	0.000000
1503	1.000000	0	10	0.000000
1504	1.000000	0	15	0.000000
1505	1.000000	0	20	0.000000
1506	1.000000	0	5	0.000000
1507	1.000000	0	10	0.000000
1508	1.000000	0	10	0.000000
1509	1.000000	0	0	0.000000
1510	1.000000	0	5	0.000000
1511	1.000000	0	0	0.000000
1512	1.000000	0	10	0.000000
1513	1.000000	0	10	0.000000
1514	1.000000	0	5	0.000000
1515	1.000000	0	5	0.000000
1516	1.000000	0	5	0.000000
1517	1.000000	0	5	0.000000
1518	1.000000	0	5	0.000000
1519	1.000000	0	5	0.000000
1520	1.000000	0	5	0.000000
1521	1.000000	0	0	0.000000
1522	1.000000	0	5	0.000000
1523	1.000000	0	10	0.000000
1524	1.000000	0	15	0.000000
1525	1.000000	0	0	0.000000
1526	1.000000	0	10	0.000000
1527	1.000000	0	0	0.000000
1528	1.000000	0	5	0.000000
1529	1.000000	0	15	0.000000
1530	1.000000	0	5	0.000000
1531	1.000000	0	5	0.000000
1532	1.000000	0	0	0.000000
1533	1.000000	0	5	0.000000
