0	0.137248	0	0	0.000000
1	0.134383	0	470	0.000000
2	0.134477	0	455	0.000000
3	0.136003	0	440	0.000000
4	0.327861	0	475	0.000000
5	0.135855	0	470	0.000000
6	0.139871	0	485	0.000000
7	0.139871	0	470	0.000000
8	0.139871	0	465	0.000000
9	0.136596	0	465	0.000000
10	0.137237	0	475	0.000000
11	0.136694	0	445	0.000000
12	0.143821	0	480	0.000000
13	0.140340	0	465	0.000000
14	0.138525	0	465	0.000000
15	0.139536	0	455	0.000000
16	0.139536	0	430	0.000000
17	0.141183	0	480	0.000000
18	0.141183	0	475	0.000000
19	0.140133	0	470	0.000000
20	0.141183	0	480	0.000000
21	0.138466	0	465	0.000000
22	0.138466	0	470	0.000000
23	0.138587	0	445	0.000000
24	0.141795	0	465	0.000000
25	0.138466	0	485	0.000000
26	0.138587	0	450	0.000000
27	0.138466	0	455	0.000000
28	0.138466	0	455	0.000000
29	0.138466	0	440	0.000000
30	0.138466	0	455	0.000000
31	0.137904	0	460	0.000000
32	0.138056	0	455	0.000000
33	0.137904	0	475	0.000000
34	0.137494	0	450	0.000000
35	0.135648	0	450	0.000000
36	0.135847	0	440	0.000000
37	0.135788	0	435	0.000000
38	0.134793	0	465	0.000000
39	0.138138	0	475	0.000000
40	0.137974	0	460	0.000000
41	0.134793	0	465	0.000000
42	0.136046	0	465	0.000000
43	0.134965	0	460	0.000000
44	0.137561	0	470	0.000000
45	0.139930	0	465	0.000000
46	0.134696	0	450	0.000000
47	0.132576	0	460	0.000000
48	0.134286	0	455	0.000000
49	0.135226	0	465	0.000000
50	0.131932	0	450	0.000000
51	0.145831	0	475	0.000000
52	0.144543	0	445	0.000000
53	0.137494	0	445	0.000000
54	0.137494	0	465	0.000000
55	0.132728	0	435	0.000000
56	0.135648	0	465	0.000000
57	0.136702	0	480	0.000000
58	0.135648	0	455	0.000000
59	0.135004	0	450	0.000000
60	0.133365	0	460	0.000000
61	0.136304	0	475	0.000000
62	0.140386	0	435	0.000000
63	0.134801	0	480	0.000000
64	0.136850	0	460	0.000000
65	0.134817	0	470	0.000000
66	0.134817	0	465	0.000000
67	0.134817	0	470	0.000000
68	0.137002	0	460	0.000000
69	0.134817	0	470	0.000000
70	0.134817	0	485	0.000000
71	0.134817	0	470	0.000000
72	0.135363	0	460	0.000000
73	0.135484	0	435	0.000000
74	0.133329	0	450	0.000000
75	0.134641	0	460	0.000000
76	0.135960	0	460	0.000000
77	0.134122	0	450	0.000000
78	0.136760	0	470	0.000000
79	0.139672	0	460	0.000000
80	0.135379	0	470	0.000000
81	0.134512	0	485	0.000000
82	0.134543	0	460	0.000000
83	0.134512	0	450	0.000000
84	0.135141	0	470	0.000000
85	0.135976	0	445	0.000000
86	0.133958	0	450	0.000000
87	0.138411	0	465	0.000000
88	0.135761	0	465	0.000000
89	0.137166	0	420	0.000000
90	0.136233	0	460	0.000000
91	0.134032	0	470	0.000000
92	0.134055	0	440	0.000000
93	0.133571	0	470	0.000000
94	0.134543	0	485	0.000000
95	0.137783	0	470	0.000000
96	0.135515	0	460	0.000000
97	0.138384	0	465	0.000000
98	0.137670	0	475	0.000000
99	0.138244	0	465	0.000000
100	0.137182	0	470	0.000000
101	0.137182	0	455	0.000000
102	0.136897	0	450	0.000000
103	0.135949	0	440	0.000000
104	0.135949	0	450	0.000000
105	0.137537	0	470	0.000000
106	0.134309	0	460	0.000000
107	0.135468	0	470	0.000000
108	0.134309	0	450	0.000000
109	0.136386	0	455	0.000000
110	0.137697	0	465	0.000000
111	0.134723	0	460	0.000000
112	0.133138	0	460	0.000000
113	0.138548	0	445	0.000000
114	0.134450	0	465	0.000000
115	0.134520	0	485	0.000000
116	0.134778	0	465	0.000000
117	0.134520	0	450	0.000000
118	0.136440	0	465	0.000000
119	0.139251	0	450	0.000000
120	0.134520	0	485	0.000000
121	0.141362	0	475	0.000000
122	0.134309	0	475	0.000000
123	0.134215	0	455	0.000000
124	0.135422	0	440	0.000000
125	0.136276	0	460	0.000000
126	0.135422	0	480	0.000000
127	0.134559	0	460	0.000000
128	0.140297	0	480	0.000000
129	0.135422	0	475	0.000000
130	0.134559	0	465	0.000000
131	0.137904	0	440	0.000000
132	0.134559	0	445	0.000000
133	0.135613	0	455	0.000000
134	0.136854	0	460	0.000000
135	0.227553	0	460	0.000000
136	0.139789	0	475	0.000000
137	0.139547	0	455	0.000000
138	0.140105	0	445	0.000000
139	0.140105	0	455	0.000000
140	0.136530	0	465	0.000000
141	0.228037	0	455	0.000000
142	0.228037	0	460	0.000000
143	0.228037	0	450	0.000000
144	0.228037	0	480	0.000000
145	0.135484	0	475	0.000000
146	0.135566	0	445	0.000000
147	0.135566	0	450	0.000000
148	0.137084	0	440	0.000000
149	0.138571	0	465	0.000000
150	0.139848	0	440	0.000000
151	0.137084	0	465	0.000000
152	0.139122	0	455	0.000000
153	0.137084	0	425	0.000000
154	0.136674	0	470	0.000000
155	0.137084	0	440	0.000000
156	0.137084	0	460	0.000000
157	0.138571	0	470	0.000000
158	0.138642	0	425	0.000000
159	0.227959	0	465	0.000000
160	0.137927	0	430	0.000000
161	0.136335	0	460	0.000000
162	0.136335	0	470	0.000000
163	0.137369	0	455	0.000000
164	0.135648	0	475	0.000000
165	0.138724	0	450	0.000000
166	0.136639	0	465	0.000000
167	0.139461	0	440	0.000000
168	0.136265	0	445	0.000000
169	0.136265	0	435	0.000000
170	0.136522	0	435	0.000000
171	0.137744	0	450	0.000000
172	0.137221	0	450	0.000000
173	0.137221	0	450	0.000000
174	0.137986	0	455	0.000000
175	0.138056	0	455	0.000000
176	0.138548	0	455	0.000000
177	0.141456	0	430	0.000000
178	0.138056	0	465	0.000000
179	0.138056	0	445	0.000000
180	0.138056	0	415	0.000000
181	0.140894	0	440	0.000000
182	0.231905	0	425	0.000000
183	0.138056	0	445	0.000000
184	0.137533	0	425	0.000000
185	0.140754	0	450	0.000000
186	0.137533	0	440	0.000000
187	0.137775	0	440	0.000000
188	0.136386	0	405	0.000000
189	0.139286	0	425	0.000000
190	0.139286	0	445	0.000000
191	0.139286	0	465	0.000000
192	0.139438	0	435	0.000000
193	0.141077	0	435	0.000000
194	0.136046	0	370	0.000000
195	0.138435	0	430	0.000000
196	0.136608	0	435	0.000000
197	0.136608	0	425	0.000000
198	0.136608	0	450	0.000000
199	0.136608	0	425	0.000000
200	0.136608	0	425	0.000000
201	0.137131	0	435	0.000000
202	0.136608	0	400	0.000000
203	0.137307	0	400	0.000000
204	0.137018	0	420	0.000000
205	0.137545	0	425	0.000000
206	0.138056	0	395	0.000000
207	0.136663	0	435	0.000000
208	0.137662	0	410	0.000000
209	0.136608	0	420	0.000000
210	0.140129	0	425	0.000000
211	0.137697	0	415	0.000000
212	0.137697	0	410	0.000000
213	0.137100	0	405	0.000000
214	0.137697	0	400	0.000000
215	0.137697	0	430	0.000000
216	0.137588	0	425	0.000000
217	0.137697	0	415	0.000000
218	0.137697	0	375	0.000000
219	0.137697	0	420	0.000000
220	0.137592	0	380	0.000000
221	0.137100	0	420	0.000000
222	0.137494	0	395	0.000000
223	0.137494	0	405	0.000000
224	0.141788	0	400	0.000000
225	0.137494	0	385	0.000000
226	0.137494	0	405	0.000000
227	0.141023	0	370	0.000000
228	0.147108	0	395	0.000000
229	0.137564	0	375	0.000000
230	0.138669	0	390	0.000000
231	0.138384	0	375	0.000000
232	0.138876	0	355	0.000000
233	0.138876	0	400	0.000000
234	0.140230	0	355	0.000000
235	0.144848	0	385	0.000000
236	0.139723	0	380	0.000000
237	0.139817	0	365	0.000000
238	0.139817	0	380	0.000000
239	0.139817	0	370	0.000000
240	0.139817	0	390	0.000000
241	0.139817	0	335	0.000000
242	0.139817	0	395	0.000000
243	0.139817	0	380	0.000000
244	0.139817	0	390	0.000000
245	0.139914	0	370	0.000000
246	0.140636	0	360	0.000000
247	0.140636	0	380	0.000000
248	0.140636	0	365	0.000000
249	0.230597	0	390	0.000000
250	0.230597	0	350	0.000000
251	0.230597	0	360	0.000000
252	0.230597	0	370	0.000000
253	0.231171	0	385	0.000000
254	0.231171	0	400	0.000000
255	0.230597	0	360	0.000000
256	0.230597	0	410	0.000000
257	0.230597	0	385	0.000000
258	0.230597	0	330	0.000000
259	0.230597	0	345	0.000000
260	0.230597	0	335	0.000000
261	0.230597	0	335	0.000000
262	0.230597	0	375	0.000000
263	0.230831	0	360	0.000000
264	0.230831	0	335	0.000000
265	0.230831	0	365	0.000000
266	0.230831	0	325	0.000000
267	0.231323	0	365	0.000000
268	0.231323	0	365	0.000000
269	0.232143	0	355	0.000000
270	0.231323	0	365	0.000000
271	0.231323	0	320	0.000000
272	0.231323	0	360	0.000000
273	0.231323	0	340	0.000000
274	0.231323	0	340	0.000000
275	0.231323	0	375	0.000000
276	0.232143	0	340	0.000000
277	0.231323	0	355	0.000000
278	0.231323	0	345	0.000000
279	0.231323	0	350	0.000000
280	0.231323	0	340	0.000000
281	0.231323	0	320	0.000000
282	0.231323	0	325	0.000000
283	0.231323	0	325	0.000000
284	0.231651	0	360	0.000000
285	0.231651	0	370	0.000000
286	0.231651	0	335	0.000000
287	0.231651	0	355	0.000000
288	0.231651	0	385	0.000000
289	0.231651	0	345	0.000000
290	0.231651	0	310	0.000000
291	0.231651	0	365	0.000000
292	0.231651	0	310	0.000000
293	0.231651	0	325	0.000000
294	0.231651	0	330	0.000000
295	0.231651	0	345	0.000000
296	0.232319	0	305	0.000000
297	0.232319	0	320	0.000000
298	0.232319	0	325	0.000000
299	0.232319	0	310	0.000000
300	0.232319	0	330	0.000000
301	0.232319	0	315	0.000000
302	0.232319	0	290	0.000000
303	0.232319	0	315	0.000000
304	0.232319	0	330	0.000000
305	0.232319	0	305	0.000000
306	0.234286	0	335	0.000000
307	0.234286	0	310	0.000000
308	0.234286	0	320	0.000000
309	0.234286	0	325	0.000000
310	0.234286	0	310	0.000000
311	0.233138	0	260	0.000000
312	0.233138	0	305	0.000000
313	0.233138	0	300	0.000000
314	0.233138	0	285	0.000000
315	0.233138	0	300	0.000000
316	0.233138	0	270	0.000000
317	0.233138	0	315	0.000000
318	0.233138	0	255	0.000000
319	0.233138	0	300	0.000000
320	0.234450	0	320	0.000000
321	0.234450	0	320	0.000000
322	0.234450	0	290	0.000000
323	0.234450	0	300	0.000000
324	0.234450	0	285	0.000000
325	0.234450	0	330	0.000000
326	0.234450	0	280	0.000000
327	0.234450	0	270	0.000000
328	0.234450	0	285	0.000000
329	0.234450	0	335	0.000000
330	0.234450	0	295	0.000000
331	0.234450	0	290	0.000000
332	0.234450	0	275	0.000000
333	0.234450	0	285	0.000000
334	0.234450	0	285	0.000000
335	0.235269	0	255	0.000000
336	0.235269	0	250	0.000000
337	0.235269	0	275	0.000000
338	0.235269	0	305	0.000000
339	0.235269	0	305	0.000000
340	0.234941	0	260	0.000000
341	0.234941	0	305	0.000000
342	0.236526	0	315	0.000000
343	0.236526	0	300	0.000000
344	0.236526	0	295	0.000000
345	0.236526	0	280	0.000000
346	0.236526	0	330	0.000000
347	0.240023	0	305	0.000000
348	0.240023	0	300	0.000000
349	0.240023	0	280	0.000000
350	0.240023	0	295	0.000000
351	0.240023	0	265	0.000000
352	0.240023	0	260	0.000000
353	0.240023	0	270	0.000000
354	0.240023	0	305	0.000000
355	0.240023	0	250	0.000000
356	0.240023	0	275	0.000000
357	0.240109	0	285	0.000000
358	0.240515	0	240	0.000000
359	0.240515	0	295	0.000000
360	0.241429	0	235	0.000000
361	0.241429	0	290	0.000000
362	0.241429	0	270	0.000000
363	0.241429	0	270	0.000000
364	0.241429	0	285	0.000000
365	0.243177	0	290	0.000000
366	0.243177	0	290	0.000000
367	0.243177	0	265	0.000000
368	0.243177	0	285	0.000000
369	0.330949	0	275	0.000000
370	0.330949	0	290	0.000000
371	0.329953	0	250	0.000000
372	0.329953	0	310	0.000000
373	0.329953	0	305	0.000000
374	0.243002	0	255	0.000000
375	0.248384	0	255	0.000000
376	0.248384	0	300	0.000000
377	0.248794	0	275	0.000000
378	0.248794	0	255	0.000000
379	0.248794	0	225	0.000000
380	0.248794	0	220	0.000000
381	0.248794	0	250	0.000000
382	0.248794	0	245	0.000000
383	0.248794	0	255	0.000000
384	0.248794	0	270	0.000000
385	0.248794	0	240	0.000000
386	0.248794	0	225	0.000000
387	0.248794	0	225	0.000000
388	0.248794	0	235	0.000000
389	0.248794	0	200	0.000000
390	0.248794	0	240	0.000000
391	0.248794	0	260	0.000000
392	0.248794	0	230	0.000000
393	0.248794	0	255	0.000000
394	0.248794	0	255	0.000000
395	0.248794	0	255	0.000000
396	0.248794	0	260	0.000000
397	0.248794	0	225	0.000000
398	0.248794	0	290	0.000000
399	0.248794	0	270	0.000000
400	0.248794	0	265	0.000000
401	0.248794	0	280	0.000000
402	0.248794	0	270	0.000000
403	0.248794	0	255	0.000000
404	0.341651	0	280	0.000000
405	0.341651	0	275	0.000000
406	0.341651	0	255	0.000000
407	0.341651	0	260	0.000000
408	0.341651	0	275	0.000000
409	0.341651	0	270	0.000000
410	0.341651	0	290	0.000000
411	0.341651	0	260	0.000000
412	0.341651	0	250	0.000000
413	0.341651	0	285	0.000000
414	0.341651	0	280	0.000000
415	0.341651	0	280	0.000000
416	0.341651	0	245	0.000000
417	0.341651	0	250	0.000000
418	0.341651	0	255	0.000000
419	0.341651	0	235	0.000000
420	0.341651	0	260	0.000000
421	0.341651	0	220	0.000000
422	0.341651	0	255	0.000000
423	0.341651	0	270	0.000000
424	0.341651	0	290	0.000000
425	0.341651	0	230	0.000000
426	0.342143	0	260	0.000000
427	0.341651	0	265	0.000000
428	0.341651	0	230	0.000000
429	0.340667	0	205	0.000000
430	0.340667	0	240	0.000000
431	0.340667	0	280	0.000000
432	0.340667	0	265	0.000000
433	0.340667	0	250	0.000000
434	0.340667	0	265	0.000000
435	0.340667	0	265	0.000000
436	0.340667	0	255	0.000000
437	0.340667	0	230	0.000000
438	0.340667	0	245	0.000000
439	0.340667	0	220	0.000000
440	0.340667	0	185	0.000000
441	0.340667	0	245	0.000000
442	0.340667	0	185	0.000000
443	0.340667	0	215	0.000000
444	0.340667	0	200	0.000000
445	0.340667	0	200	0.000000
446	0.340667	0	185	0.000000
447	0.342482	0	225	0.000000
448	0.342482	0	210	0.000000
449	0.342482	0	235	0.000000
450	0.342482	0	230	0.000000
451	0.428618	0	255	0.000000
452	0.428618	0	255	0.000000
453	0.428876	0	255	0.000000
454	0.428876	0	215	0.000000
455	0.428876	0	220	0.000000
456	0.428876	0	205	0.000000
457	0.428876	0	240	0.000000
458	0.428876	0	215	0.000000
459	0.428876	0	205	0.000000
460	0.428958	0	280	0.000000
461	0.428958	0	210	0.000000
462	0.428958	0	230	0.000000
463	0.428958	0	240	0.000000
464	0.428958	0	245	0.000000
465	0.428958	0	210	0.000000
466	0.428958	0	230	0.000000
467	0.428958	0	240	0.000000
468	0.428958	0	205	0.000000
469	0.428958	0	200	0.000000
470	0.428958	0	170	0.000000
471	0.428958	0	200	0.000000
472	0.428958	0	180	0.000000
473	0.428958	0	210	0.000000
474	0.428958	0	225	0.000000
475	0.430105	0	180	0.000000
476	0.430105	0	240	0.000000
477	0.430105	0	215	0.000000
478	0.430105	0	210	0.000000
479	0.430105	0	175	0.000000
480	0.430105	0	270	0.000000
481	0.430105	0	245	0.000000
482	0.430105	0	190	0.000000
483	0.430105	0	225	0.000000
484	0.430105	0	210	0.000000
485	0.430105	0	185	0.000000
486	0.430363	0	225	0.000000
487	0.430363	0	255	0.000000
488	0.430363	0	225	0.000000
489	0.430363	0	215	0.000000
490	0.430363	0	205	0.000000
491	0.430363	0	235	0.000000
492	0.430363	0	210	0.000000
493	0.430363	0	190	0.000000
494	0.430363	0	220	0.000000
495	0.430363	0	265	0.000000
496	0.431417	0	240	0.000000
497	0.431417	0	235	0.000000
498	0.431417	0	260	0.000000
499	0.431417	0	205	0.000000
500	0.431417	0	240	0.000000
501	0.431417	0	230	0.000000
502	0.431417	0	220	0.000000
503	0.431417	0	170	0.000000
504	0.431417	0	210	0.000000
505	0.431417	0	215	0.000000
506	0.431417	0	185	0.000000
507	0.431417	0	210	0.000000
508	0.431417	0	225	0.000000
509	0.431417	0	230	0.000000
510	0.431417	0	190	0.000000
511	0.431827	0	230	0.000000
512	0.431827	0	210	0.000000
513	0.431827	0	175	0.000000
514	0.431827	0	215	0.000000
515	0.431827	0	170	0.000000
516	0.431827	0	195	0.000000
517	0.431827	0	245	0.000000
518	0.431827	0	215	0.000000
519	0.431827	0	205	0.000000
520	0.431827	0	195	0.000000
521	0.431827	0	200	0.000000
522	0.431827	0	210	0.000000
523	0.431827	0	215	0.000000
524	0.431827	0	220	0.000000
525	0.431827	0	195	0.000000
526	0.431827	0	180	0.000000
527	0.431827	0	220	0.000000
528	0.431827	0	235	0.000000
529	0.432974	0	180	0.000000
530	0.432974	0	195	0.000000
531	0.432974	0	205	0.000000
532	0.432974	0	205	0.000000
533	0.432974	0	210	0.000000
534	0.432974	0	175	0.000000
535	0.432974	0	175	0.000000
536	0.432974	0	220	0.000000
537	0.432974	0	200	0.000000
538	0.432974	0	180	0.000000
539	0.432974	0	230	0.000000
540	0.432974	0	175	0.000000
541	0.432974	0	210	0.000000
542	0.433536	0	200	0.000000
543	0.433536	0	175	0.000000
544	0.433536	0	175	0.000000
545	0.433536	0	200	0.000000
546	0.433536	0	220	0.000000
547	0.433536	0	165	0.000000
548	0.433536	0	170	0.000000
549	0.433536	0	170	0.000000
550	0.433536	0	190	0.000000
551	0.433536	0	200	0.000000
552	0.433536	0	235	0.000000
553	0.433536	0	245	0.000000
554	0.433536	0	200	0.000000
555	0.433536	0	145	0.000000
556	0.433536	0	185	0.000000
557	0.433536	0	185	0.000000
558	0.433536	0	215	0.000000
559	0.433536	0	160	0.000000
560	0.433536	0	205	0.000000
561	0.435449	0	195	0.000000
562	0.435449	0	190	0.000000
563	0.435449	0	225	0.000000
564	0.443045	0	170	0.000000
565	0.443045	0	230	0.000000
566	0.443045	0	160	0.000000
567	0.443045	0	210	0.000000
568	0.443045	0	205	0.000000
569	0.443045	0	205	0.000000
570	0.443045	0	205	0.000000
571	0.443045	0	215	0.000000
572	0.443045	0	210	0.000000
573	0.519707	0	205	0.000000
574	0.519707	0	220	0.000000
575	0.519707	0	240	0.000000
576	0.519707	0	210	0.000000
577	0.519707	0	220	0.000000
578	0.519707	0	215	0.000000
579	0.519707	0	255	0.000000
580	0.519707	0	195	0.000000
581	0.519707	0	215	0.000000
582	0.519707	0	205	0.000000
583	0.519707	0	255	0.000000
584	0.519707	0	195	0.000000
585	0.519707	0	160	0.000000
586	0.519707	0	185	0.000000
587	0.519707	0	195	0.000000
588	0.519707	0	185	0.000000
589	0.523197	0	200	0.000000
590	0.519707	0	245	0.000000
591	0.519707	0	195	0.000000
592	0.519707	0	220	0.000000
593	0.519707	0	160	0.000000
594	0.519707	0	170	0.000000
595	0.520761	0	235	0.000000
596	0.520761	0	195	0.000000
597	0.520761	0	160	0.000000
598	0.520761	0	170	0.000000
599	0.520761	0	195	0.000000
600	0.520761	0	165	0.000000
601	0.520761	0	230	0.000000
602	0.520761	0	170	0.000000
603	0.520761	0	170	0.000000
604	0.520761	0	160	0.000000
605	0.521815	0	170	0.000000
606	0.521815	0	175	0.000000
607	0.521815	0	170	0.000000
608	0.521815	0	165	0.000000
609	0.521815	0	210	0.000000
610	0.521815	0	230	0.000000
611	0.521815	0	215	0.000000
612	0.521815	0	170	0.000000
613	0.521815	0	185	0.000000
614	0.521815	0	185	0.000000
615	0.521815	0	185	0.000000
616	0.521815	0	190	0.000000
617	0.521815	0	150	0.000000
618	0.520761	0	205	0.000000
619	0.520761	0	150	0.000000
620	0.521429	0	165	0.000000
621	0.521429	0	175	0.000000
622	0.521429	0	190	0.000000
623	0.521429	0	195	0.000000
624	0.521429	0	195	0.000000
625	0.521429	0	195	0.000000
626	0.521429	0	185	0.000000
627	0.521429	0	215	0.000000
628	0.521429	0	195	0.000000
629	0.521429	0	140	0.000000
630	0.522834	0	195	0.000000
631	0.522834	0	175	0.000000
632	0.522834	0	185	0.000000
633	0.522834	0	185	0.000000
634	0.522834	0	205	0.000000
635	0.526979	0	210	0.000000
636	0.526979	0	175	0.000000
637	0.526979	0	140	0.000000
638	0.526979	0	170	0.000000
639	0.526979	0	155	0.000000
640	0.526979	0	170	0.000000
641	0.526979	0	190	0.000000
642	0.526979	0	175	0.000000
643	0.526979	0	160	0.000000
644	0.526979	0	130	0.000000
645	0.526979	0	165	0.000000
646	0.526979	0	165	0.000000
647	0.526979	0	175	0.000000
648	0.526979	0	210	0.000000
649	0.526979	0	175	0.000000
650	0.526979	0	180	0.000000
651	0.526979	0	195	0.000000
652	0.525105	0	185	0.000000
653	0.525105	0	170	0.000000
654	0.525105	0	175	0.000000
655	0.525105	0	165	0.000000
656	0.525105	0	150	0.000000
657	0.525105	0	145	0.000000
658	0.525105	0	175	0.000000
659	0.525105	0	135	0.000000
660	0.525105	0	160	0.000000
661	0.525105	0	190	0.000000
662	0.525105	0	195	0.000000
663	0.525105	0	195	0.000000
664	0.525105	0	185	0.000000
665	0.525105	0	160	0.000000
666	0.525105	0	185	0.000000
667	0.530187	0	160	0.000000
668	0.530187	0	175	0.000000
669	0.530187	0	125	0.000000
670	0.530187	0	165	0.000000
671	0.530187	0	150	0.000000
672	0.530187	0	140	0.000000
673	0.530187	0	160	0.000000
674	0.530187	0	140	0.000000
675	0.530187	0	145	0.000000
676	0.530094	0	150	0.000000
677	0.530094	0	170	0.000000
678	0.530094	0	160	0.000000
679	0.530094	0	135	0.000000
680	0.530094	0	170	0.000000
681	0.532061	0	155	0.000000
682	0.527213	0	195	0.000000
683	0.527213	0	155	0.000000
684	0.527213	0	145	0.000000
685	0.527213	0	170	0.000000
686	0.527213	0	100	0.000000
687	0.527213	0	125	0.000000
688	0.527213	0	190	0.000000
689	0.527213	0	180	0.000000
690	0.527213	0	165	0.000000
691	0.527213	0	165	0.000000
692	0.527213	0	115	0.000000
693	0.527213	0	175	0.000000
694	0.529438	0	145	0.000000
695	0.529438	0	160	0.000000
696	0.530843	0	130	0.000000
697	0.529696	0	155	0.000000
698	0.529696	0	175	0.000000
699	0.529696	0	155	0.000000
700	0.529696	0	145	0.000000
701	0.529696	0	155	0.000000
702	0.529696	0	160	0.000000
703	0.529696	0	165	0.000000
704	0.529696	0	190	0.000000
705	0.535492	0	150	0.000000
706	0.535492	0	125	0.000000
707	0.535492	0	160	0.000000
708	0.535492	0	180	0.000000
709	0.535492	0	145	0.000000
710	0.535492	0	125	0.000000
711	0.535492	0	130	0.000000
712	0.535492	0	160	0.000000
713	0.535492	0	140	0.000000
714	0.535492	0	150	0.000000
715	0.535492	0	150	0.000000
716	0.535492	0	140	0.000000
717	0.535492	0	120	0.000000
718	0.535902	0	170	0.000000
719	0.535902	0	135	0.000000
720	0.535902	0	165	0.000000
721	0.535902	0	145	0.000000
722	0.535902	0	160	0.000000
723	0.537049	0	160	0.000000
724	0.539016	0	125	0.000000
725	0.539016	0	125	0.000000
726	0.539016	0	140	0.000000
727	0.539016	0	130	0.000000
728	0.539016	0	135	0.000000
729	0.539016	0	125	0.000000
730	0.539016	0	110	0.000000
731	0.539016	0	160	0.000000
732	0.539016	0	135	0.000000
733	0.539016	0	130	0.000000
734	0.539016	0	125	0.000000
735	0.539016	0	110	0.000000
736	0.539016	0	145	0.000000
737	0.539016	0	170	0.000000
738	0.539016	0	115	0.000000
739	0.539016	0	135	0.000000
740	0.539016	0	135	0.000000
741	0.630984	0	135	0.000000
742	0.630984	0	145	0.000000
743	0.630984	0	150	0.000000
744	0.630984	0	180	0.000000
745	0.630984	0	115	0.000000
746	0.630984	0	155	0.000000
747	0.630984	0	135	0.000000
748	0.630984	0	160	0.000000
749	0.632131	0	145	0.000000
750	0.630984	0	125	0.000000
751	0.630984	0	150	0.000000
752	0.630984	0	150	0.000000
753	0.630984	0	145	0.000000
754	0.630984	0	165	0.000000
755	0.630984	0	125	0.000000
756	0.630984	0	120	0.000000
757	0.630984	0	115	0.000000
758	0.630984	0	150	0.000000
759	0.630984	0	160	0.000000
760	0.630984	0	155	0.000000
761	0.630984	0	115	0.000000
762	0.630984	0	145	0.000000
763	0.630984	0	105	0.000000
764	0.630984	0	140	0.000000
765	0.630984	0	130	0.000000
766	0.630984	0	105	0.000000
767	0.630984	0	120	0.000000
768	0.630984	0	180	0.000000
769	0.630984	0	120	0.000000
770	0.630984	0	150	0.000000
771	0.630984	0	180	0.000000
772	0.630984	0	130	0.000000
773	0.630984	0	140	0.000000
774	0.630984	0	160	0.000000
775	0.630984	0	115	0.000000
776	0.630984	0	115	0.000000
777	0.630984	0	130	0.000000
778	0.630984	0	140	0.000000
779	0.629672	0	135	0.000000
780	0.630984	0	105	0.000000
781	0.630984	0	120	0.000000
782	0.630984	0	125	0.000000
783	0.630984	0	115	0.000000
784	0.630984	0	110	0.000000
785	0.630984	0	155	0.000000
786	0.630984	0	145	0.000000
787	0.630984	0	160	0.000000
788	0.630984	0	125	0.000000
789	0.630984	0	140	0.000000
790	0.630984	0	135	0.000000
791	0.630984	0	170	0.000000
792	0.630984	0	135	0.000000
793	0.630984	0	135	0.000000
794	0.630984	0	100	0.000000
795	0.630984	0	105	0.000000
796	0.630984	0	155	0.000000
797	0.630984	0	140	0.000000
798	0.630984	0	115	0.000000
799	0.630984	0	105	0.000000
800	0.630984	0	120	0.000000
801	0.630984	0	115	0.000000
802	0.630984	0	140	0.000000
803	0.630984	0	145	0.000000
804	0.630984	0	90	0.000000
805	0.630984	0	115	0.000000
806	0.630984	0	125	0.000000
807	0.630984	0	135	0.000000
808	0.630984	0	125	0.000000
809	0.630984	0	125	0.000000
810	0.630984	0	145	0.000000
811	0.630984	0	125	0.000000
812	0.630984	0	130	0.000000
813	0.630984	0	135	0.000000
814	0.630984	0	120	0.000000
815	0.630984	0	110	0.000000
816	0.630984	0	135	0.000000
817	0.630984	0	110	0.000000
818	0.630984	0	105	0.000000
819	0.630984	0	90	0.000000
820	0.630984	0	85	0.000000
821	0.630984	0	155	0.000000
822	0.630984	0	150	0.000000
823	0.630984	0	125	0.000000
824	0.630984	0	120	0.000000
825	0.630984	0	130	0.000000
826	0.630984	0	85	0.000000
827	0.630984	0	120	0.000000
828	0.630984	0	70	0.000000
829	0.630984	0	130	0.000000
830	0.630984	0	135	0.000000
831	0.630984	0	125	0.000000
832	0.630984	0	110	0.000000
833	0.630984	0	115	0.000000
834	0.630984	0	90	0.000000
835	0.630984	0	85	0.000000
836	0.630984	0	105	0.000000
837	0.630984	0	125	0.000000
838	0.630984	0	95	0.000000
839	0.630984	0	70	0.000000
840	0.630984	0	125	0.000000
841	0.630984	0	100	0.000000
842	0.630984	0	130	0.000000
843	0.630984	0	95	0.000000
844	0.630984	0	120	0.000000
845	0.630984	0	125	0.000000
846	0.630984	0	100	0.000000
847	0.630984	0	125	0.000000
848	0.630984	0	115	0.000000
849	0.630984	0	105	0.000000
850	0.630984	0	130	0.000000
851	0.630984	0	120	0.000000
852	0.630984	0	125	0.000000
853	0.630984	0	125	0.000000
854	0.630984	0	135	0.000000
855	0.630984	0	115	0.000000
856	0.630984	0	125	0.000000
857	0.630984	0	115	0.000000
858	0.630984	0	135	0.000000
859	0.630984	0	120	0.000000
860	0.630984	0	125	0.000000
861	0.630984	0	90	0.000000
862	0.630984	0	80	0.000000
863	0.630984	0	115	0.000000
864	0.630984	0	140	0.000000
865	0.630984	0	100	0.000000
866	0.715164	0	130	0.000000
867	0.715164	0	120	0.000000
868	0.715164	0	120	0.000000
869	0.715164	0	115	0.000000
870	0.715164	0	120	0.000000
871	0.715164	0	125	0.000000
872	0.715164	0	115	0.000000
873	0.715164	0	95	0.000000
874	0.715164	0	100	0.000000
875	0.715164	0	50	0.000000
876	0.715164	0	95	0.000000
877	0.715164	0	85	0.000000
878	0.715164	0	105	0.000000
879	0.715164	0	80	0.000000
880	0.715258	0	80	0.000000
881	0.715258	0	115	0.000000
882	0.716569	0	85	0.000000
883	0.715258	0	125	0.000000
884	0.715258	0	105	0.000000
885	0.715258	0	95	0.000000
886	0.715258	0	85	0.000000
887	0.715258	0	95	0.000000
888	0.715258	0	80	0.000000
889	0.715258	0	105	0.000000
890	0.715258	0	115	0.000000
891	0.715258	0	120	0.000000
892	0.715258	0	90	0.000000
893	0.715258	0	120	0.000000
894	0.715258	0	120	0.000000
895	0.715750	0	120	0.000000
896	0.715750	0	145	0.000000
897	0.715750	0	100	0.000000
898	0.715750	0	120	0.000000
899	0.715750	0	125	0.000000
900	0.715750	0	100	0.000000
901	0.715750	0	115	0.000000
902	0.715750	0	80	0.000000
903	0.715750	0	90	0.000000
904	0.715750	0	80	0.000000
905	0.715750	0	90	0.000000
906	0.715750	0	75	0.000000
907	0.715750	0	95	0.000000
908	0.715750	0	115	0.000000
909	0.715750	0	100	0.000000
910	0.715750	0	110	0.000000
911	0.715750	0	105	0.000000
912	0.715750	0	100	0.000000
913	0.715750	0	110	0.000000
914	0.715750	0	95	0.000000
915	0.715750	0	105	0.000000
916	0.715750	0	100	0.000000
917	0.715750	0	105	0.000000
918	0.715750	0	80	0.000000
919	0.715750	0	100	0.000000
920	0.715750	0	105	0.000000
921	0.715750	0	75	0.000000
922	0.808934	0	80	0.000000
923	0.808934	0	100	0.000000
924	0.808934	0	80	0.000000
925	0.808934	0	115	0.000000
926	0.808934	0	100	0.000000
927	0.808934	0	105	0.000000
928	0.808934	0	110	0.000000
929	0.808934	0	115	0.000000
930	0.808934	0	75	0.000000
931	0.808934	0	90	0.000000
932	0.808934	0	105	0.000000
933	0.808934	0	75	0.000000
934	0.808934	0	120	0.000000
935	0.715820	0	95	0.000000
936	0.715820	0	120	0.000000
937	0.715820	0	100	0.000000
938	0.715820	0	110	0.000000
939	0.715820	0	115	0.000000
940	0.715820	0	95	0.000000
941	0.715820	0	100	0.000000
942	0.715820	0	75	0.000000
943	0.715820	0	115	0.000000
944	0.715820	0	65	0.000000
945	0.715820	0	95	0.000000
946	0.715820	0	100	0.000000
947	0.715820	0	120	0.000000
948	0.715820	0	90	0.000000
949	0.715820	0	80	0.000000
950	0.715820	0	125	0.000000
951	0.715820	0	100	0.000000
952	0.715820	0	120	0.000000
953	0.715820	0	115	0.000000
954	0.715820	0	60	0.000000
955	0.715820	0	65	0.000000
956	0.715820	0	90	0.000000
957	0.715820	0	100	0.000000
958	0.715820	0	100	0.000000
959	0.715820	0	90	0.000000
960	0.715820	0	90	0.000000
961	0.715820	0	85	0.000000
962	0.715820	0	105	0.000000
963	0.715820	0	115	0.000000
964	0.715820	0	90	0.000000
965	0.715820	0	110	0.000000
966	0.715820	0	85	0.000000
967	0.715820	0	70	0.000000
968	0.715820	0	105	0.000000
969	0.715820	0	75	0.000000
970	0.715820	0	115	0.000000
971	0.715820	0	85	0.000000
972	0.715820	0	95	0.000000
973	0.715820	0	80	0.000000
974	0.715820	0	55	0.000000
975	0.715820	0	100	0.000000
976	0.715820	0	70	0.000000
977	0.715820	0	100	0.000000
978	0.715820	0	95	0.000000
979	0.715820	0	90	0.000000
980	0.715820	0	55	0.000000
981	0.715820	0	105	0.000000
982	0.715820	0	65	0.000000
983	0.715820	0	75	0.000000
984	0.715820	0	125	0.000000
985	0.715820	0	85	0.000000
986	0.715820	0	80	0.000000
987	0.715820	0	120	0.000000
988	0.715820	0	65	0.000000
989	0.715820	0	95	0.000000
990	0.715820	0	110	0.000000
991	0.715820	0	95	0.000000
992	0.715820	0	60	0.000000
993	0.715820	0	55	0.000000
994	0.715820	0	80	0.000000
995	0.715820	0	85	0.000000
996	0.715820	0	75	0.000000
997	0.724684	0	110	0.000000
998	0.724684	0	55	0.000000
999	0.724684	0	65	0.000000
1000	0.724684	0	95	0.000000
1001	0.724684	0	90	0.000000
1002	0.724684	0	80	0.000000
1003	0.724684	0	60	0.000000
1004	0.724684	0	70	0.000000
1005	0.724684	0	85	0.000000
1006	0.724684	0	60	0.000000
1007	0.724684	0	65	0.000000
1008	0.717717	0	70	0.000000
1009	0.717717	0	55	0.000000
1010	0.717717	0	80	0.000000
1011	0.724684	0	65	0.000000
1012	0.724684	0	80	0.000000
1013	0.724684	0	85	0.000000
1014	0.724684	0	80	0.000000
1015	0.724684	0	80	0.000000
1016	0.724684	0	60	0.000000
1017	0.724684	0	80	0.000000
1018	0.724684	0	45	0.000000
1019	0.724684	0	90	0.000000
1020	0.724684	0	65	0.000000
1021	0.724684	0	70	0.000000
1022	0.724684	0	75	0.000000
1023	0.724684	0	75	0.000000
1024	0.724684	0	80	0.000000
1025	0.724684	0	70	0.000000
1026	0.725246	0	65	0.000000
1027	0.725246	0	85	0.000000
1028	0.725246	0	90	0.000000
1029	0.725246	0	70	0.000000
1030	0.725246	0	50	0.000000
1031	0.725246	0	100	0.000000
1032	0.725246	0	120	0.000000
1033	0.725246	0	80	0.000000
1034	0.725246	0	80	0.000000
1035	0.725246	0	75	0.000000
1036	0.725246	0	110	0.000000
1037	0.725246	0	80	0.000000
1038	0.725246	0	75	0.000000
1039	0.725246	0	90	0.000000
1040	0.725246	0	85	0.000000
1041	0.725246	0	100	0.000000
1042	0.725246	0	95	0.000000
1043	0.725246	0	90	0.000000
1044	0.725246	0	55	0.000000
1045	0.725246	0	65	0.000000
1046	0.725246	0	70	0.000000
1047	0.725246	0	80	0.000000
1048	0.725246	0	80	0.000000
1049	0.725246	0	80	0.000000
1050	0.725246	0	70	0.000000
1051	0.725246	0	75	0.000000
1052	0.725246	0	80	0.000000
1053	0.725246	0	75	0.000000
1054	0.725246	0	65	0.000000
1055	0.725246	0	85	0.000000
1056	0.725246	0	65	0.000000
1057	0.725246	0	90	0.000000
1058	0.725246	0	60	0.000000
1059	0.725246	0	55	0.000000
1060	0.725246	0	75	0.000000
1061	0.725246	0	65	0.000000
1062	0.725246	0	55	0.000000
1063	0.725246	0	70	0.000000
1064	0.725246	0	40	0.000000
1065	0.725246	0	55	0.000000
1066	0.725246	0	45	0.000000
1067	0.725246	0	65	0.000000
1068	0.725246	0	65	0.000000
1069	0.725246	0	50	0.000000
1070	0.725246	0	70	0.000000
1071	0.725246	0	70	0.000000
1072	0.725246	0	70	0.000000
1073	0.725246	0	65	0.000000
1074	0.725246	0	95	0.000000
1075	0.725246	0	95	0.000000
1076	0.725246	0	80	0.000000
1077	0.725246	0	65	0.000000
1078	0.725246	0	75	0.000000
1079	0.725246	0	85	0.000000
1080	0.725246	0	55	0.000000
1081	0.725246	0	110	0.000000
1082	0.725246	0	100	0.000000
1083	0.725246	0	105	0.000000
1084	0.725246	0	80	0.000000
1085	0.725246	0	65	0.000000
1086	0.725246	0	85	0.000000
1087	0.725246	0	45	0.000000
1088	0.725246	0	55	0.000000
1089	0.725246	0	50	0.000000
1090	0.725246	0	65	0.000000
1091	0.725246	0	40	0.000000
1092	0.725246	0	60	0.000000
1093	0.725246	0	70	0.000000
1094	0.725246	0	45	0.000000
1095	0.725246	0	95	0.000000
1096	0.725246	0	70	0.000000
1097	0.725246	0	65	0.000000
1098	0.725246	0	65	0.000000
1099	0.725246	0	65	0.000000
1100	0.725246	0	50	0.000000
1101	0.725246	0	105	0.000000
1102	0.725246	0	80	0.000000
1103	0.725246	0	65	0.000000
1104	0.725246	0	95	0.000000
1105	0.725246	0	85	0.000000
1106	0.725246	0	60	0.000000
1107	0.725246	0	45	0.000000
1108	0.725246	0	65	0.000000
1109	0.725246	0	55	0.000000
1110	0.725246	0	65	0.000000
1111	0.725246	0	50	0.000000
1112	0.725246	0	65	0.000000
1113	0.725246	0	65	0.000000
1114	0.725246	0	85	0.000000
1115	0.725246	0	40	0.000000
1116	0.725246	0	60	0.000000
1117	0.725246	0	90	0.000000
1118	0.725246	0	60	0.000000
1119	0.725246	0	50	0.000000
1120	0.725246	0	70	0.000000
1121	0.725246	0	75	0.000000
1122	0.725246	0	40	0.000000
1123	0.725246	0	65	0.000000
1124	0.725246	0	85	0.000000
1125	0.725246	0	55	0.000000
1126	0.725246	0	45	0.000000
1127	0.725246	0	45	0.000000
1128	0.725246	0	105	0.000000
1129	0.725246	0	85	0.000000
1130	0.725246	0	75	0.000000
1131	0.725246	0	75	0.000000
1132	0.725246	0	105	0.000000
1133	0.725246	0	65	0.000000
1134	0.725246	0	70	0.000000
1135	0.725246	0	100	0.000000
1136	0.725246	0	100	0.000000
1137	0.725246	0	75	0.000000
1138	0.725246	0	75	0.000000
1139	0.725246	0	95	0.000000
1140	0.725246	0	100	0.000000
1141	0.725246	0	65	0.000000
1142	0.725246	0	90	0.000000
1143	0.725246	0	75	0.000000
1144	0.725246	0	90	0.000000
1145	0.725246	0	80	0.000000
1146	0.725246	0	65	0.000000
1147	0.725246	0	70	0.000000
1148	0.725246	0	60	0.000000
1149	0.725246	0	50	0.000000
1150	0.725246	0	100	0.000000
1151	0.725246	0	80	0.000000
1152	0.725246	0	80	0.000000
1153	0.725246	0	70	0.000000
1154	0.725246	0	90	0.000000
1155	0.729836	0	95	0.000000
1156	0.813209	0	85	0.000000
1157	0.811803	0	80	0.000000
1158	0.811803	0	75	0.000000
1159	0.811803	0	75	0.000000
1160	0.811803	0	90	0.000000
1161	0.811803	0	90	0.000000
1162	0.811803	0	100	0.000000
1163	0.811803	0	50	0.000000
1164	0.811803	0	60	0.000000
1165	0.811803	0	55	0.000000
1166	0.811803	0	80	0.000000
1167	0.811803	0	60	0.000000
1168	0.811803	0	60	0.000000
1169	0.811803	0	65	0.000000
1170	0.811803	0	95	0.000000
1171	0.811803	0	55	0.000000
1172	0.811803	0	75	0.000000
1173	0.811803	0	70	0.000000
1174	0.811803	0	80	0.000000
1175	0.811803	0	60	0.000000
1176	0.811803	0	40	0.000000
1177	0.811803	0	65	0.000000
1178	0.811803	0	65	0.000000
1179	0.811803	0	50	0.000000
1180	0.811803	0	25	0.000000
1181	0.811803	0	15	0.000000
1182	0.811803	0	45	0.000000
1183	0.811803	0	75	0.000000
1184	0.811803	0	60	0.000000
1185	0.811803	0	50	0.000000
1186	0.811803	0	70	0.000000
1187	0.811803	0	70	0.000000
1188	0.811803	0	90	0.000000
1189	0.811803	0	55	0.000000
1190	0.811803	0	65	0.000000
1191	0.811803	0	45	0.000000
1192	0.811803	0	45	0.000000
1193	0.811803	0	60	0.000000
1194	0.811803	0	30	0.000000
1195	0.811803	0	50	0.000000
1196	0.811803	0	60	0.000000
1197	0.811803	0	50	0.000000
1198	0.811803	0	45	0.000000
1199	0.811803	0	40	0.000000
1200	0.811803	0	45	0.000000
1201	0.811803	0	45	0.000000
1202	0.811803	0	60	0.000000
1203	0.811803	0	35	0.000000
1204	0.811803	0	35	0.000000
1205	0.811803	0	50	0.000000
1206	0.811803	0	35	0.000000
1207	0.811803	0	35	0.000000
1208	0.811803	0	30	0.000000
1209	0.811803	0	40	0.000000
1210	0.811803	0	30	0.000000
1211	0.811803	0	50	0.000000
1212	0.811803	0	35	0.000000
1213	0.811803	0	55	0.000000
1214	0.811803	0	65	0.000000
1215	0.811803	0	40	0.000000
1216	0.811803	0	35	0.000000
1217	0.811803	0	60	0.000000
1218	0.811803	0	30	0.000000
1219	0.811803	0	35	0.000000
1220	0.811803	0	45	0.000000
1221	0.811803	0	65	0.000000
1222	0.811803	0	45	0.000000
1223	0.811803	0	45	0.000000
1224	0.811803	0	40	0.000000
1225	0.811803	0	75	0.000000
1226	0.811803	0	55	0.000000
1227	0.811803	0	50	0.000000
1228	0.811803	0	60	0.000000
1229	0.811803	0	40	0.000000
1230	0.811803	0	50	0.000000
1231	0.811803	0	60	0.000000
1232	0.811803	0	70	0.000000
1233	0.811803	0	70	0.000000
1234	0.811803	0	45	0.000000
1235	0.811803	0	70	0.000000
1236	0.811803	0	40	0.000000
1237	0.811803	0	40	0.000000
1238	0.811803	0	50	0.000000
1239	0.811803	0	45	0.000000
1240	0.811803	0	65	0.000000
1241	0.811803	0	40	0.000000
1242	0.811803	0	45	0.000000
1243	0.811803	0	50	0.000000
1244	0.811803	0	65	0.000000
1245	0.811803	0	55	0.000000
1246	0.811803	0	50	0.000000
1247	0.811803	0	60	0.000000
1248	0.811803	0	60	0.000000
1249	0.811803	0	30	0.000000
1250	0.811803	0	50	0.000000
1251	0.811803	0	75	0.000000
1252	0.811803	0	25	0.000000
1253	0.811803	0	35	0.000000
1254	0.811803	0	50	0.000000
1255	0.811803	0	65	0.000000
1256	0.811803	0	40	0.000000
1257	0.811803	0	40	0.000000
1258	0.811803	0	45	0.000000
1259	0.811803	0	45	0.000000
1260	0.811803	0	50	0.000000
1261	0.811803	0	70	0.000000
1262	0.811803	0	75	0.000000
1263	0.811803	0	70	0.000000
1264	0.811803	0	45	0.000000
1265	0.811803	0	65	0.000000
1266	0.811803	0	45	0.000000
1267	0.811803	0	50	0.000000
1268	0.811803	0	55	0.000000
1269	0.811803	0	40	0.000000
1270	0.811803	0	55	0.000000
1271	0.811803	0	65	0.000000
1272	0.811803	0	40	0.000000
1273	0.811803	0	30	0.000000
1274	0.811803	0	50	0.000000
1275	0.813771	0	35	0.000000
1276	0.813771	0	40	0.000000
1277	0.813771	0	55	0.000000
1278	0.813771	0	45	0.000000
1279	0.813771	0	40	0.000000
1280	0.813771	0	55	0.000000
1281	0.813771	0	35	0.000000
1282	0.813771	0	30	0.000000
1283	0.813771	0	30	0.000000
1284	0.813771	0	30	0.000000
1285	0.813771	0	50	0.000000
1286	0.813771	0	35	0.000000
1287	0.813771	0	65	0.000000
1288	0.813771	0	60	0.000000
1289	0.813771	0	50	0.000000
1290	0.813771	0	65	0.000000
1291	0.813771	0	30	0.000000
1292	0.813771	0	55	0.000000
1293	0.813771	0	30	0.000000
1294	0.813771	0	60	0.000000
1295	0.813771	0	50	0.000000
1296	0.813771	0	50	0.000000
1297	0.813771	0	65	0.000000
1298	0.813771	0	70	0.000000
1299	0.813771	0	30	0.000000
1300	0.813771	0	60	0.000000
1301	0.813771	0	70	0.000000
1302	0.813771	0	45	0.000000
1303	0.813771	0	60	0.000000
1304	0.813771	0	35	0.000000
1305	0.813771	0	45	0.000000
1306	0.813771	0	35	0.000000
1307	0.813771	0	35	0.000000
1308	0.813771	0	35	0.000000
1309	0.813771	0	55	0.000000
1310	0.813771	0	35	0.000000
1311	0.813771	0	45	0.000000
1312	0.813771	0	40	0.000000
1313	0.813771	0	50	0.000000
1314	0.813771	0	65	0.000000
1315	0.813771	0	35	0.000000
1316	0.813771	0	40	0.000000
1317	0.813771	0	65	0.000000
1318	0.813771	0	90	0.000000
1319	0.813771	0	35	0.000000
1320	0.813771	0	55	0.000000
1321	0.813771	0	35	0.000000
1322	0.813771	0	55	0.000000
1323	0.813771	0	45	0.000000
1324	0.813771	0	65	0.000000
1325	0.813771	0	70	0.000000
1326	0.813771	0	50	0.000000
1327	0.813771	0	40	0.000000
1328	0.813771	0	45	0.000000
1329	0.813771	0	65	0.000000
1330	0.813771	0	45	0.000000
1331	0.813771	0	45	0.000000
1332	0.813771	0	65	0.000000
1333	0.813771	0	65	0.000000
1334	0.813771	0	15	0.000000
1335	0.813771	0	20	0.000000
1336	0.813771	0	20	0.000000
1337	0.813771	0	25	0.000000
1338	0.813771	0	35	0.000000
1339	0.813771	0	30	0.000000
1340	0.813771	0	50	0.000000
1341	0.813771	0	20	0.000000
1342	0.813771	0	40	0.000000
1343	0.813771	0	75	0.000000
1344	0.813771	0	70	0.000000
1345	0.813771	0	35	0.000000
1346	0.813771	0	40	0.000000
1347	0.813771	0	15	0.000000
1348	0.813771	0	25	0.000000
1349	0.813771	0	20	0.000000
1350	0.813771	0	50	0.000000
1351	0.813771	0	25	0.000000
1352	0.813771	0	40	0.000000
1353	0.813771	0	30	0.000000
1354	0.813771	0	10	0.000000
1355	0.813771	0	35	0.000000
1356	0.813771	0	30	0.000000
1357	0.813771	0	25	0.000000
1358	0.813771	0	40	0.000000
1359	0.813771	0	25	0.000000
1360	0.813771	0	40	0.000000
1361	0.813771	0	30	0.000000
1362	0.813771	0	35	0.000000
1363	0.813771	0	20	0.000000
1364	0.813771	0	35	0.000000
1365	0.813771	0	15	0.000000
1366	0.813771	0	35	0.000000
1367	0.813771	0	25	0.000000
1368	0.813771	0	25	0.000000
1369	0.813771	0	15	0.000000
1370	0.813771	0	15	0.000000
1371	0.813771	0	25	0.000000
1372	0.813771	0	45	0.000000
1373	0.813771	0	35	0.000000
1374	0.813771	0	45	0.000000
1375	0.813771	0	50	0.000000
1376	0.813771	0	55	0.000000
1377	0.813771	0	35	0.000000
1378	0.813771	0	65	0.000000
1379	0.813771	0	35	0.000000
1380	0.813771	0	40	0.000000
1381	0.813771	0	45	0.000000
1382	0.813771	0	35	0.000000
1383	0.813771	0	35	0.000000
1384	0.813771	0	45	0.000000
1385	0.813771	0	30	0.000000
1386	0.813771	0	20	0.000000
1387	0.813771	0	55	0.000000
1388	0.813771	0	40	0.000000
1389	0.813771	0	30	0.000000
1390	0.813771	0	25	0.000000
1391	0.813771	0	55	0.000000
1392	0.813771	0	20	0.000000
1393	0.813771	0	25	0.000000
1394	0.813771	0	30	0.000000
1395	0.813771	0	40	0.000000
1396	0.813771	0	55	0.000000
1397	0.813771	0	65	0.000000
1398	0.813771	0	55	0.000000
1399	0.813771	0	40	0.000000
1400	0.813771	0	35	0.000000
1401	0.813771	0	20	0.000000
1402	0.813771	0	30	0.000000
1403	0.813771	0	25	0.000000
1404	0.813771	0	30	0.000000
1405	0.813771	0	30	0.000000
1406	0.813771	0	40	0.000000
1407	0.813771	0	40	0.000000
1408	0.813771	0	35	0.000000
1409	0.813771	0	35	0.000000
1410	0.813771	0	40	0.000000
1411	0.813771	0	30	0.000000
1412	0.813771	0	25	0.000000
1413	0.813771	0	35	0.000000
1414	0.813771	0	30	0.000000
1415	0.813771	0	35	0.000000
1416	0.813771	0	45	0.000000
1417	0.813771	0	45	0.000000
1418	0.906885	0	40	0.000000
1419	0.906885	0	40	0.000000
1420	0.906885	0	25	0.000000
1421	0.906885	0	25	0.000000
1422	0.906885	0	25	0.000000
1423	0.906885	0	35	0.000000
1424	0.906885	0	30	0.000000
1425	0.906885	0	30	0.000000
1426	0.906885	0	50	0.000000
1427	0.906885	0	20	0.000000
1428	0.906885	0	35	0.000000
1429	0.906885	0	20	0.000000
1430	0.906885	0	35	0.000000
1431	0.906885	0	20	0.000000
1432	0.906885	0	30	0.000000
1433	0.906885	0	25	0.000000
1434	0.906885	0	55	0.000000
1435	0.905738	0	35	0.000000
1436	0.905738	0	20	0.000000
1437	0.905738	0	25	0.000000
1438	0.905738	0	35	0.000000
1439	0.905738	0	35	0.000000
1440	0.905738	0	20	0.000000
1441	0.905738	0	5	0.000000
1442	0.905738	0	20	0.000000
1443	0.905738	0	30	0.000000
1444	0.905738	0	15	0.000000
1445	0.905738	0	15	0.000000
1446	0.905738	0	35	0.000000
1447	0.905738	0	20	0.000000
1448	0.905738	0	20	0.000000
1449	0.905738	0	20	0.000000
1450	0.905738	0	30	0.000000
1451	0.905738	0	35	0.000000
1452	0.905738	0	50	0.000000
1453	0.905738	0	20	0.000000
1454	0.905738	0	20	0.000000
1455	0.905738	0	30	0.000000
1456	0.905738	0	40	0.000000
1457	0.905738	0	35	0.000000
1458	0.905738	0	30	0.000000
1459	0.905738	0	35	0.000000
1460	0.905738	0	5	0.000000
1461	0.905738	0	40	0.000000
1462	0.905738	0	25	0.000000
1463	0.905738	0	10	0.000000
1464	0.905738	0	20	0.000000
1465	0.905738	0	20	0.000000
1466	0.905738	0	35	0.000000
1467	0.905738	0	10	0.000000
1468	0.905738	0	35	0.000000
1469	0.905738	0	5	0.000000
1470	0.905738	0	25	0.000000
1471	0.905738	0	30	0.000000
1472	0.905738	0	30	0.000000
1473	0.905738	0	45	0.000000
1474	0.905738	0	30	0.000000
1475	0.905738	0	30	0.000000
1476	0.905738	0	45	0.000000
1477	0.905738	0	35	0.000000
1478	0.905738	0	35	0.000000
1479	0.905738	0	35	0.000000
1480	0.905738	0	45	0.000000
1481	0.905738	0	30	0.000000
1482	0.905738	0	40	0.000000
1483	0.905738	0	50	0.000000
1484	0.905738	0	40	0.000000
1485	0.905738	0	60	0.000000
1486	0.905738	0	35	0.000000
1487	0.905738	0	30	0.000000
1488	0.905738	0	35	0.000000
1489	0.905738	0	40	0.000000
1490	0.905738	0	30	0.000000
1491	0.905738	0	40	0.000000
1492	0.905738	0	35	0.000000
1493	0.905738	0	15	0.000000
1494	0.905738	0	20	0.000000
1495	0.905738	0	5	0.000000
1496	0.905738	0	20	0.000000
1497	0.905738	0	30	0.000000
1498	0.905738	0	20	0.000000
1499	0.905738	0	35	0.000000
1500	0.905738	0	25	0.000000
1501	0.905738	0	30	0.000000
1502	0.905738	0	10	0.000000
1503	0.905738	0	40	0.000000
1504	0.905738	0	25	0.000000
1505	0.905738	0	15	0.000000
1506	0.905738	0	40	0.000000
1507	0.905738	0	25	0.000000
1508	0.905738	0	20	0.000000
1509	0.905738	0	30	0.000000
1510	0.905738	0	25	0.000000
1511	0.905738	0	25	0.000000
1512	0.905738	0	20	0.000000
1513	0.905738	0	35	0.000000
1514	0.905738	0	10	0.000000
1515	0.905738	0	15	0.000000
1516	0.905738	0	25	0.000000
1517	0.905738	0	10	0.000000
1518	0.905738	0	5	0.000000
1519	0.905738	0	20	0.000000
1520	0.905738	0	5	0.000000
1521	0.905738	0	20	0.000000
1522	0.905738	0	5	0.000000
1523	0.905738	0	20	0.000000
1524	0.905738	0	5	0.000000
1525	0.905738	0	20	0.000000
1526	0.905738	0	5	0.000000
1527	0.905738	0	15	0.000000
1528	0.905738	0	15	0.000000
1529	0.905738	0	20	0.000000
1530	0.905738	0	20	0.000000
1531	0.905738	0	20	0.000000
1532	0.905738	0	10	0.000000
1533	0.905738	0	5	0.000000
1534	0.905738	0	20	0.000000
1535	0.905738	0	0	0.000000
1536	0.905738	0	10	0.000000
1537	0.905738	0	15	0.000000
1538	0.905738	0	10	0.000000
1539	0.905738	0	20	0.000000
1540	0.905738	0	10	0.000000
1541	0.905738	0	20	0.000000
1542	0.905738	0	15	0.000000
1543	0.905738	0	25	0.000000
1544	0.905738	0	30	0.000000
1545	0.905738	0	10	0.000000
1546	0.905738	0	20	0.000000
1547	0.905738	0	15	0.000000
1548	0.905738	0	20	0.000000
1549	0.905738	0	20	0.000000
1550	0.905738	0	30	0.000000
1551	0.905738	0	20	0.000000
1552	0.905738	0	15	0.000000
1553	0.905738	0	10	0.000000
1554	0.905738	0	15	0.000000
1555	0.905738	0	20	0.000000
1556	0.905738	0	15	0.000000
1557	0.905738	0	45	0.000000
1558	0.905738	0	35	0.000000
1559	0.905738	0	45	0.000000
1560	0.905738	0	40	0.000000
1561	0.905738	0	10	0.000000
1562	0.905738	0	30	0.000000
1563	0.905738	0	45	0.000000
1564	0.905738	0	30	0.000000
1565	0.905738	0	35	0.000000
1566	0.905738	0	10	0.000000
1567	0.905738	0	15	0.000000
1568	0.905738	0	10	0.000000
1569	0.905738	0	20	0.000000
1570	0.905738	0	15	0.000000
1571	0.905738	0	20	0.000000
1572	0.905738	0	25	0.000000
1573	0.905738	0	35	0.000000
1574	0.905738	0	25	0.000000
1575	0.905738	0	25	0.000000
1576	0.905738	0	15	0.000000
1577	0.905738	0	25	0.000000
1578	0.905738	0	25	0.000000
1579	0.905738	0	20	0.000000
1580	0.905738	0	20	0.000000
1581	0.905738	0	10	0.000000
1582	0.905738	0	15	0.000000
1583	0.905738	0	35	0.000000
1584	0.905738	0	20	0.000000
1585	0.905738	0	20	0.000000
1586	0.905738	0	25	0.000000
1587	0.905738	0	25	0.000000
1588	0.905738	0	25	0.000000
1589	0.905738	0	40	0.000000
1590	0.905738	0	5	0.000000
1591	0.905738	0	10	0.000000
1592	0.905738	0	15	0.000000
1593	0.905738	0	15	0.000000
1594	0.905738	0	40	0.000000
1595	0.905738	0	10	0.000000
1596	0.905738	0	25	0.000000
1597	0.905738	0	45	0.000000
1598	0.905738	0	25	0.000000
1599	0.905738	0	40	0.000000
1600	0.905738	0	20	0.000000
1601	0.905738	0	35	0.000000
1602	0.905738	0	30	0.000000
1603	0.905738	0	30	0.000000
1604	0.905738	0	15	0.000000
1605	0.905738	0	40	0.000000
1606	0.905738	0	30	0.000000
1607	0.905738	0	25	0.000000
1608	0.905738	0	40	0.000000
1609	0.905738	0	20	0.000000
1610	0.905738	0	35	0.000000
1611	0.905738	0	30	0.000000
1612	0.905738	0	25	0.000000
1613	0.905738	0	10	0.000000
1614	0.905738	0	30	0.000000
1615	0.905738	0	10	0.000000
1616	0.905738	0	15	0.000000
1617	0.905738	0	15	0.000000
1618	0.905738	0	20	0.000000
1619	0.905738	0	10	0.000000
1620	0.905738	0	5	0.000000
1621	0.905738	0	10	0.000000
1622	0.905738	0	20	0.000000
1623	0.905738	0	25	0.000000
1624	0.905738	0	5	0.000000
1625	0.905738	0	15	0.000000
1626	0.905738	0	20	0.000000
1627	0.905738	0	30	0.000000
1628	0.905738	0	25	0.000000
1629	0.905738	0	15	0.000000
1630	0.905738	0	35	0.000000
1631	0.905738	0	30	0.000000
1632	0.905738	0	20	0.000000
1633	0.905738	0	30	0.000000
1634	0.905738	0	30	0.000000
1635	0.905738	0	30	0.000000
1636	0.905738	0	25	0.000000
1637	0.905738	0	40	0.000000
1638	0.905738	0	25	0.000000
1639	0.905738	0	30	0.000000
1640	0.905738	0	35	0.000000
1641	0.905738	0	25	0.000000
1642	0.905738	0	15	0.000000
1643	0.905738	0	25	0.000000
1644	0.905738	0	25	0.000000
1645	0.905738	0	30	0.000000
1646	0.905738	0	20	0.000000
1647	0.905738	0	25	0.000000
1648	0.905738	0	20	0.000000
1649	0.905738	0	30	0.000000
1650	0.905738	0	20	0.000000
1651	0.905738	0	25	0.000000
1652	0.906323	0	5	0.000000
1653	0.906323	0	5	0.000000
1654	0.906323	0	10	0.000000
1655	0.906323	0	20	0.000000
1656	0.906323	0	30	0.000000
1657	0.906323	0	25	0.000000
1658	0.906323	0	10	0.000000
1659	0.906323	0	5	0.000000
1660	0.906323	0	20	0.000000
1661	0.906323	0	5	0.000000
1662	0.906323	0	20	0.000000
1663	0.906323	0	20	0.000000
1664	0.906323	0	15	0.000000
1665	0.906323	0	10	0.000000
1666	0.906323	0	15	0.000000
1667	0.911475	0	20	0.000000
1668	0.906323	0	15	0.000000
1669	0.906323	0	35	0.000000
1670	0.906323	0	25	0.000000
1671	0.906323	0	35	0.000000
1672	0.906323	0	20	0.000000
1673	0.906323	0	25	0.000000
1674	0.911475	0	10	0.000000
1675	0.911475	0	35	0.000000
1676	0.911475	0	35	0.000000
1677	0.911475	0	35	0.000000
1678	0.911475	0	10	0.000000
1679	0.911475	0	15	0.000000
1680	0.911475	0	15	0.000000
1681	0.911475	0	20	0.000000
1682	0.911475	0	10	0.000000
1683	0.911475	0	20	0.000000
1684	0.911475	0	20	0.000000
1685	0.911475	0	5	0.000000
1686	0.911475	0	20	0.000000
1687	0.911475	0	20	0.000000
1688	0.911475	0	20	0.000000
1689	0.911475	0	25	0.000000
1690	0.911475	0	25	0.000000
1691	0.911475	0	30	0.000000
1692	0.911475	0	20	0.000000
1693	0.911475	0	15	0.000000
1694	0.911475	0	40	0.000000
1695	0.911475	0	30	0.000000
1696	0.911475	0	20	0.000000
1697	0.911475	0	30	0.000000
1698	0.911475	0	10	0.000000
1699	0.911475	0	10	0.000000
1700	0.911475	0	10	0.000000
1701	0.911475	0	5	0.000000
1702	0.911475	0	15	0.000000
1703	0.911475	0	5	0.000000
1704	0.911475	0	15	0.000000
1705	0.911475	0	10	0.000000
1706	0.911475	0	25	0.000000
1707	0.911475	0	15	0.000000
1708	0.911475	0	15	0.000000
1709	0.911475	0	20	0.000000
1710	0.911475	0	5	0.000000
1711	0.911475	0	5	0.000000
1712	0.911475	0	25	0.000000
1713	0.911475	0	15	0.000000
1714	0.911475	0	10	0.000000
1715	0.911475	0	10	0.000000
1716	0.911475	0	10	0.000000
1717	0.911475	0	15	0.000000
1718	0.911475	0	20	0.000000
1719	0.911475	0	10	0.000000
1720	0.911475	0	5	0.000000
1721	0.911475	0	5	0.000000
1722	0.911475	0	5	0.000000
1723	0.911475	0	10	0.000000
1724	0.911475	0	15	0.000000
1725	0.911475	0	20	0.000000
1726	0.911475	0	30	0.000000
1727	0.911475	0	20	0.000000
1728	0.911475	0	15	0.000000
1729	0.911475	0	15	0.000000
1730	0.911475	0	10	0.000000
1731	0.911475	0	25	0.000000
1732	0.911475	0	20	0.000000
1733	0.911475	0	40	0.000000
1734	0.911475	0	20	0.000000
1735	0.911475	0	10	0.000000
1736	0.911475	0	15	0.000000
1737	0.911475	0	10	0.000000
1738	0.911475	0	20	0.000000
1739	0.911475	0	10	0.000000
1740	0.911475	0	20	0.000000
1741	0.911475	0	20	0.000000
1742	0.911475	0	10	0.000000
1743	0.911475	0	20	0.000000
1744	0.911475	0	0	0.000000
1745	0.911475	0	20	0.000000
1746	0.911475	0	15	0.000000
1747	0.911475	0	10	0.000000
1748	0.911475	0	15	0.000000
1749	0.911475	0	10	0.000000
1750	0.911475	0	10	0.000000
1751	0.911475	0	15	0.000000
1752	0.911475	0	5	0.000000
1753	0.911475	0	20	0.000000
1754	0.911475	0	10	0.000000
1755	0.911475	0	5	0.000000
1756	0.911475	0	15	0.000000
1757	0.911475	0	5	0.000000
1758	0.911475	0	20	0.000000
1759	0.911475	0	20	0.000000
1760	0.911475	0	30	0.000000
1761	0.911475	0	25	0.000000
1762	0.911475	0	30	0.000000
1763	0.911475	0	30	0.000000
1764	0.911475	0	20	0.000000
1765	0.911475	0	20	0.000000
1766	0.911475	0	35	0.000000
1767	0.911475	0	30	0.000000
1768	0.911475	0	35	0.000000
1769	0.911475	0	20	0.000000
1770	0.911475	0	15	0.000000
1771	0.911475	0	10	0.000000
1772	0.911475	0	25	0.000000
1773	0.911475	0	20	0.000000
1774	0.911475	0	15	0.000000
1775	0.911475	0	25	0.000000
1776	0.911475	0	25	0.000000
1777	0.911475	0	20	0.000000
1778	0.911475	0	20	0.000000
1779	0.911475	0	15	0.000000
1780	0.911475	0	10	0.000000
1781	0.911475	0	15	0.000000
1782	0.911475	0	20	0.000000
1783	0.911475	0	35	0.000000
1784	0.911475	0	20	0.000000
1785	0.911475	0	35	0.000000
1786	0.911475	0	30	0.000000
1787	0.911475	0	15	0.000000
1788	0.911475	0	25	0.000000
1789	0.911475	0	30	0.000000
1790	0.911475	0	25	0.000000
1791	0.911475	0	30	0.000000
1792	0.911475	0	10	0.000000
1793	0.911475	0	15	0.000000
1794	0.911475	0	25	0.000000
1795	0.911475	0	15	0.000000
1796	0.911475	0	15	0.000000
1797	0.911475	0	20	0.000000
1798	0.911475	0	25	0.000000
1799	0.911475	0	10	0.000000
1800	0.911475	0	15	0.000000
1801	0.911475	0	10	0.000000
1802	0.911475	0	15	0.000000
1803	0.911475	0	15	0.000000
1804	0.911475	0	5	0.000000
1805	0.911475	0	20	0.000000
1806	0.911475	0	15	0.000000
1807	0.911475	0	20	0.000000
1808	0.911475	0	15	0.000000
1809	0.911475	0	10	0.000000
1810	0.911475	0	5	0.000000
1811	0.911475	0	5	0.000000
1812	0.911475	0	5	0.000000
1813	0.911475	0	10	0.000000
1814	0.911475	0	5	0.000000
1815	0.911475	0	10	0.000000
1816	0.911475	0	10	0.000000
1817	0.911475	0	20	0.000000
1818	0.911475	0	10	0.000000
1819	0.911475	0	5	0.000000
1820	0.911475	0	15	0.000000
1821	0.911475	0	15	0.000000
1822	0.911475	0	10	0.000000
1823	0.911475	0	15	0.000000
1824	0.911475	0	20	0.000000
1825	0.911475	0	25	0.000000
1826	0.911475	0	25	0.000000
1827	0.911475	0	25	0.000000
1828	0.911475	0	15	0.000000
1829	0.911475	0	20	0.000000
1830	0.911475	0	15	0.000000
1831	0.911475	0	20	0.000000
1832	0.911475	0	20	0.000000
1833	0.911475	0	10	0.000000
1834	0.911475	0	10	0.000000
1835	0.911475	0	20	0.000000
1836	0.911475	0	10	0.000000
1837	0.911475	0	15	0.000000
1838	0.911475	0	25	0.000000
1839	0.911475	0	5	0.000000
1840	0.911475	0	15	0.000000
1841	0.911475	0	15	0.000000
1842	0.911475	0	15	0.000000
1843	0.911475	0	20	0.000000
1844	0.911475	0	10	0.000000
1845	0.911475	0	5	0.000000
1846	0.911475	0	10	0.000000
1847	0.911475	0	15	0.000000
1848	0.911475	0	15	0.000000
1849	0.911475	0	25	0.000000
1850	0.911475	0	20	0.000000
1851	0.911475	0	20	0.000000
1852	0.911475	0	10	0.000000
1853	0.911475	0	15	0.000000
1854	0.911475	0	15	0.000000
1855	0.911475	0	15	0.000000
1856	0.911475	0	5	0.000000
1857	0.911475	0	15	0.000000
1858	0.911475	0	5	0.000000
1859	0.911475	0	20	0.000000
1860	0.911475	0	20	0.000000
1861	0.911475	0	10	0.000000
1862	0.911475	0	20	0.000000
1863	0.911475	0	25	0.000000
1864	0.911475	0	20	0.000000
1865	0.911475	0	5	0.000000
1866	0.911475	0	15	0.000000
1867	0.911475	0	10	0.000000
1868	0.911475	0	15	0.000000
1869	0.911475	0	10	0.000000
1870	0.911475	0	20	0.000000
1871	0.911475	0	10	0.000000
1872	0.911475	0	10	0.000000
1873	0.911475	0	20	0.000000
1874	0.911475	0	20	0.000000
1875	0.911475	0	10	0.000000
1876	0.911475	0	30	0.000000
1877	0.911475	0	20	0.000000
1878	0.911475	0	20	0.000000
1879	0.911475	0	30	0.000000
1880	0.911475	0	40	0.000000
1881	0.911475	0	30	0.000000
1882	0.911475	0	20	0.000000
1883	0.911475	0	35	0.000000
1884	0.911475	0	15	0.000000
1885	0.911475	0	25	0.000000
1886	0.911475	0	15	0.000000
1887	0.911475	0	30	0.000000
1888	0.911475	0	25	0.000000
1889	0.911475	0	25	0.000000
1890	0.911475	0	10	0.000000
1891	0.911475	0	35	0.000000
1892	0.911475	0	35	0.000000
1893	0.911475	0	25	0.000000
1894	0.911475	0	25	0.000000
1895	0.911475	0	10	0.000000
1896	0.911475	0	35	0.000000
1897	0.911475	0	10	0.000000
1898	0.911475	0	25	0.000000
1899	0.911475	0	30	0.000000
1900	0.911475	0	25	0.000000
1901	0.911475	0	20	0.000000
1902	0.911475	0	35	0.000000
1903	0.911475	0	20	0.000000
1904	0.911475	0	15	0.000000
1905	0.911475	0	20	0.000000
1906	0.911475	0	20	0.000000
1907	0.911475	0	20	0.000000
1908	0.911475	0	20	0.000000
1909	0.911475	0	15	0.000000
1910	0.911475	0	30	0.000000
1911	0.911475	0	30	0.000000
1912	0.911475	0	35	0.000000
1913	0.911475	0	35	0.000000
1914	0.911475	0	30	0.000000
1915	0.911475	0	5	0.000000
1916	0.911475	0	20	0.000000
1917	0.911475	0	20	0.000000
1918	0.911475	0	20	0.000000
1919	0.911475	0	15	0.000000
1920	0.911475	0	15	0.000000
1921	0.911475	0	20	0.000000
1922	0.911475	0	15	0.000000
1923	0.911475	0	30	0.000000
1924	0.911475	0	10	0.000000
1925	0.911475	0	10	0.000000
1926	0.911475	0	5	0.000000
1927	0.911475	0	5	0.000000
1928	0.911475	0	0	0.000000
1929	0.911475	0	15	0.000000
1930	0.911475	0	10	0.000000
1931	0.911475	0	0	0.000000
1932	0.911475	0	10	0.000000
1933	0.911475	0	10	0.000000
1934	0.911475	0	10	0.000000
1935	0.911475	0	10	0.000000
1936	0.911475	0	5	0.000000
1937	0.911475	0	5	0.000000
1938	0.911475	0	20	0.000000
1939	0.911475	0	10	0.000000
1940	0.911475	0	20	0.000000
1941	0.911475	0	10	0.000000
1942	0.911475	0	20	0.000000
1943	0.911475	0	15	0.000000
1944	0.911475	0	5	0.000000
1945	0.911475	0	15	0.000000
1946	0.911475	0	15	0.000000
1947	0.911475	0	5	0.000000
1948	0.911475	0	30	0.000000
1949	0.911475	0	25	0.000000
1950	0.911475	0	15	0.000000
1951	0.911475	0	15	0.000000
1952	0.911475	0	30	0.000000
1953	0.911475	0	25	0.000000
1954	0.911475	0	10	0.000000
1955	0.911475	0	20	0.000000
1956	0.911475	0	5	0.000000
1957	0.911475	0	5	0.000000
1958	0.911475	0	10	0.000000
1959	0.911475	0	10	0.000000
1960	0.911475	0	15	0.000000
1961	0.911475	0	15	0.000000
1962	0.911475	0	15	0.000000
1963	0.911475	0	5	0.000000
1964	0.911475	0	10	0.000000
1965	0.911475	0	10	0.000000
1966	0.911475	0	30	0.000000
1967	0.911475	0	10	0.000000
1968	0.911475	0	5	0.000000
1969	0.911475	0	10	0.000000
1970	0.911475	0	20	0.000000
1971	0.911475	0	10	0.000000
1972	0.911475	0	15	0.000000
1973	0.911475	0	15	0.000000
1974	0.911475	0	10	0.000000
1975	0.911475	0	20	0.000000
1976	0.911475	0	5	0.000000
1977	0.911475	0	10	0.000000
1978	0.911475	0	10	0.000000
1979	0.911475	0	10	0.000000
1980	0.911475	0	10	0.000000
1981	0.911475	0	10	0.000000
1982	0.911475	0	0	0.000000
1983	0.911475	0	10	0.000000
1984	0.911475	0	20	0.000000
1985	0.911475	0	10	0.000000
1986	0.911475	0	15	0.000000
1987	0.911475	0	20	0.000000
1988	0.911475	0	10	0.000000
1989	0.911475	0	20	0.000000
1990	0.911475	0	10	0.000000
1991	0.911475	0	20	0.000000
1992	0.911475	0	10	0.000000
1993	0.911475	0	10	0.000000
1994	0.911475	0	25	0.000000
1995	0.911475	0	25	0.000000
1996	0.911475	0	15	0.000000
1997	0.911475	0	5	0.000000
1998	0.911475	0	5	0.000000
1999	0.911475	0	20	0.000000
2000	0.911475	0	15	0.000000
2001	0.911475	0	15	0.000000
2002	0.911475	0	15	0.000000
2003	0.911475	0	15	0.000000
2004	0.911475	0	30	0.000000
2005	0.911475	0	10	0.000000
2006	0.911475	0	0	0.000000
2007	0.911475	0	5	0.000000
2008	0.911475	0	5	0.000000
2009	0.911475	0	10	0.000000
2010	0.911475	0	5	0.000000
2011	0.911475	0	10	0.000000
2012	0.911475	0	15	0.000000
2013	0.911475	0	10	0.000000
2014	0.911475	0	5	0.000000
2015	0.911475	0	10	0.000000
2016	0.911475	0	15	0.000000
2017	0.911475	0	5	0.000000
2018	0.911475	0	5	0.000000
2019	0.911475	0	10	0.000000
2020	0.911475	0	10	0.000000
2021	0.911475	0	5	0.000000
2022	0.911475	0	0	0.000000
2023	0.911475	0	0	0.000000
2024	0.911475	0	10	0.000000
2025	0.911475	0	10	0.000000
2026	0.911475	0	15	0.000000
2027	0.911475	0	0	0.000000
2028	0.911475	0	20	0.000000
2029	0.911475	0	5	0.000000
2030	0.911475	0	0	0.000000
2031	0.911475	0	10	0.000000
2032	0.911475	0	30	0.000000
2033	0.911475	0	5	0.000000
2034	0.911475	0	10	0.000000
2035	0.911475	0	15	0.000000
2036	0.911475	0	10	0.000000
2037	0.911475	0	10	0.000000
2038	0.911475	0	0	0.000000
2039	0.911475	0	10	0.000000
2040	0.911475	0	10	0.000000
2041	0.911475	0	5	0.000000
2042	0.911475	0	5	0.000000
2043	0.911475	0	15	0.000000
2044	0.911475	0	10	0.000000
2045	0.911475	0	0	0.000000
2046	0.911475	0	5	0.000000
2047	0.911475	0	5	0.000000
2048	0.911475	0	5	0.000000
2049	0.911475	0	0	0.000000
2050	0.911475	0	5	0.000000
2051	0.911475	0	10	0.000000
2052	0.911475	0	5	0.000000
2053	0.911475	0	5	0.000000
2054	0.911475	0	5	0.000000
2055	0.911475	0	10	0.000000
2056	0.911475	0	10	0.000000
2057	0.911475	0	5	0.000000
2058	0.911475	0	0	0.000000
2059	0.911475	0	10	0.000000
2060	0.911475	0	5	0.000000
2061	0.911475	0	5	0.000000
2062	0.911475	0	20	0.000000
2063	0.911475	0	5	0.000000
2064	0.911475	0	15	0.000000
2065	0.911475	0	5	0.000000
2066	0.911475	0	25	0.000000
2067	0.911475	0	10	0.000000
2068	0.911475	0	10	0.000000
2069	0.911475	0	5	0.000000
2070	0.911475	0	20	0.000000
2071	0.911475	0	20	0.000000
2072	0.911475	0	15	0.000000
2073	0.911475	0	10	0.000000
2074	0.911475	0	20	0.000000
2075	0.911475	0	10	0.000000
2076	0.911475	0	25	0.000000
2077	0.911475	0	15	0.000000
2078	0.911475	0	20	0.000000
2079	0.911475	0	15	0.000000
2080	0.911475	0	15	0.000000
2081	0.911475	0	20	0.000000
2082	0.911475	0	20	0.000000
2083	0.911475	0	10	0.000000
2084	0.911475	0	15	0.000000
2085	0.911475	0	10	0.000000
2086	0.911475	0	15	0.000000
2087	0.911475	0	10	0.000000
2088	0.911475	0	0	0.000000
2089	0.911475	0	10	0.000000
2090	0.911475	0	10	0.000000
2091	0.911475	0	15	0.000000
2092	0.911475	0	10	0.000000
2093	0.911475	0	10	0.000000
2094	0.911475	0	15	0.000000
2095	0.911475	0	10	0.000000
2096	0.911475	0	20	0.000000
2097	0.911475	0	10	0.000000
2098	0.911475	0	10	0.000000
2099	0.911475	0	10	0.000000
2100	0.911475	0	0	0.000000
2101	0.911475	0	0	0.000000
2102	0.911475	0	5	0.000000
2103	0.911475	0	5	0.000000
2104	0.911475	0	10	0.000000
2105	0.911475	0	5	0.000000
2106	0.911475	0	5	0.000000
2107	0.911475	0	5	0.000000
2108	0.911475	0	15	0.000000
2109	0.911475	0	10	0.000000
2110	0.911475	0	5	0.000000
2111	0.911475	0	5	0.000000
2112	0.911475	0	5	0.000000
2113	0.911475	0	0	0.000000
2114	0.911475	0	10	0.000000
2115	0.911475	0	10	0.000000
2116	0.911475	0	10	0.000000
2117	0.911475	0	10	0.000000
2118	0.911475	0	10	0.000000
2119	0.911475	0	15	0.000000
2120	0.911475	0	10	0.000000
2121	0.911475	0	0	0.000000
2122	0.911475	0	5	0.000000
2123	0.911475	0	0	0.000000
2124	0.911475	0	5	0.000000
2125	0.911475	0	5	0.000000
2126	0.911475	0	15	0.000000
2127	0.911475	0	10	0.000000
2128	0.911475	0	0	0.000000
2129	0.911475	0	10	0.000000
2130	0.911475	0	15	0.000000
2131	0.911475	0	15	0.000000
2132	0.911475	0	10	0.000000
2133	0.911475	0	20	0.000000
2134	0.911475	0	10	0.000000
2135	0.911475	0	5	0.000000
2136	0.911475	0	15	0.000000
2137	0.911475	0	15	0.000000
2138	0.911475	0	15	0.000000
2139	0.911475	0	15	0.000000
2140	0.911475	0	10	0.000000
2141	0.911475	0	5	0.000000
2142	0.911475	0	15	0.000000
2143	0.911475	0	10	0.000000
2144	0.911475	0	10	0.000000
2145	0.911475	0	15	0.000000
2146	0.911475	0	15	0.000000
2147	0.911475	0	5	0.000000
2148	0.911475	0	10	0.000000
2149	0.911475	0	15	0.000000
2150	0.911475	0	5	0.000000
2151	0.911475	0	10	0.000000
2152	0.911475	0	10	0.000000
2153	0.911475	0	15	0.000000
2154	0.911475	0	5	0.000000
2155	0.911475	0	10	0.000000
2156	0.911475	0	0	0.000000
2157	0.911475	0	5	0.000000
2158	0.911475	0	5	0.000000
2159	0.911475	0	5	0.000000
2160	0.911475	0	0	0.000000
2161	0.911475	0	0	0.000000
2162	0.911475	0	10	0.000000
2163	0.911475	0	0	0.000000
2164	0.911475	0	0	0.000000
2165	0.911475	0	5	0.000000
2166	0.911475	0	0	0.000000
2167	0.911475	0	0	0.000000
2168	0.911475	0	0	0.000000
2169	0.911475	0	5	0.000000
2170	0.911475	0	0	0.000000
2171	0.911475	0	15	0.000000
2172	0.911475	0	10	0.000000
2173	0.911475	0	5	0.000000
2174	0.911475	0	5	0.000000
2175	0.911475	0	10	0.000000
2176	0.911475	0	10	0.000000
2177	0.911475	0	10	0.000000
2178	0.911475	0	10	0.000000
2179	0.911475	0	10	0.000000
2180	0.911475	0	5	0.000000
2181	0.911475	0	15	0.000000
2182	0.911475	0	15	0.000000
2183	0.911475	0	10	0.000000
2184	0.911475	0	10	0.000000
2185	0.911475	0	15	0.000000
2186	0.911475	0	15	0.000000
2187	0.911475	0	15	0.000000
2188	0.911475	0	10	0.000000
2189	0.911475	0	15	0.000000
2190	0.911475	0	5	0.000000
2191	0.911475	0	30	0.000000
2192	0.911475	0	15	0.000000
2193	0.911475	0	15	0.000000
2194	0.911475	0	15	0.000000
2195	0.911475	0	30	0.000000
2196	0.911475	0	10	0.000000
2197	0.911475	0	10	0.000000
2198	0.911475	0	10	0.000000
2199	0.911475	0	20	0.000000
2200	1.000000	0	10	0.000000
2201	1.000000	0	25	0.000000
2202	1.000000	0	20	0.000000
2203	1.000000	0	5	0.000000
2204	1.000000	0	15	0.000000
2205	1.000000	0	15	0.000000
2206	1.000000	0	10	0.000000
2207	1.000000	0	0	0.000000
2208	1.000000	0	5	0.000000
2209	1.000000	0	5	0.000000
2210	1.000000	0	0	0.000000
2211	1.000000	0	5	0.000000
2212	1.000000	0	0	0.000000
2213	1.000000	0	0	0.000000
2214	1.000000	0	5	0.000000
2215	1.000000	0	5	0.000000
2216	1.000000	0	0	0.000000
2217	1.000000	0	0	0.000000
2218	1.000000	0	5	0.000000
2219	1.000000	0	0	0.000000
2220	1.000000	0	5	0.000000
2221	1.000000	0	5	0.000000
2222	1.000000	0	5	0.000000
2223	1.000000	0	15	0.000000
2224	1.000000	0	10	0.000000
2225	1.000000	0	10	0.000000
2226	1.000000	0	20	0.000000
2227	1.000000	0	20	0.000000
2228	1.000000	0	5	0.000000
2229	1.000000	0	5	0.000000
2230	1.000000	0	15	0.000000
2231	1.000000	0	5	0.000000
2232	1.000000	0	20	0.000000
2233	1.000000	0	5	0.000000
2234	1.000000	0	25	0.000000
2235	1.000000	0	15	0.000000
2236	1.000000	0	5	0.000000
2237	1.000000	0	15	0.000000
2238	1.000000	0	20	0.000000
2239	1.000000	0	15	0.000000
2240	1.000000	0	0	0.000000
2241	1.000000	0	20	0.000000
2242	1.000000	0	10	0.000000
2243	1.000000	0	10	0.000000
2244	1.000000	0	10	0.000000
2245	1.000000	0	15	0.000000
2246	1.000000	0	10	0.000000
2247	1.000000	0	15	0.000000
2248	1.000000	0	15	0.000000
2249	1.000000	0	15	0.000000
2250	1.000000	0	5	0.000000
2251	1.000000	0	10	0.000000
2252	1.000000	0	5	0.000000
2253	1.000000	0	15	0.000000
2254	1.000000	0	15	0.000000
2255	1.000000	0	15	0.000000
2256	1.000000	0	15	0.000000
2257	1.000000	0	15	0.000000
2258	1.000000	0	5	0.000000
2259	1.000000	0	5	0.000000
2260	1.000000	0	15	0.000000
2261	1.000000	0	5	0.000000
2262	1.000000	0	20	0.000000
2263	1.000000	0	10	0.000000
2264	1.000000	0	10	0.000000
2265	1.000000	0	5	0.000000
2266	1.000000	0	25	0.000000
2267	1.000000	0	20	0.000000
2268	1.000000	0	10	0.000000
2269	1.000000	0	15	0.000000
2270	1.000000	0	10	0.000000
2271	1.000000	0	15	0.000000
2272	1.000000	0	10	0.000000
2273	1.000000	0	35	0.000000
2274	1.000000	0	25	0.000000
2275	1.000000	0	15	0.000000
2276	1.000000	0	15	0.000000
2277	1.000000	0	10	0.000000
2278	1.000000	0	15	0.000000
2279	1.000000	0	0	0.000000
2280	1.000000	0	10	0.000000
2281	1.000000	0	15	0.000000
2282	1.000000	0	20	0.000000
2283	1.000000	0	5	0.000000
2284	1.000000	0	5	0.000000
2285	1.000000	0	5	0.000000
2286	1.000000	0	0	0.000000
2287	1.000000	0	10	0.000000
2288	1.000000	0	10	0.000000
2289	1.000000	0	15	0.000000
2290	1.000000	0	0	0.000000
2291	1.000000	0	10	0.000000
2292	1.000000	0	10	0.000000
2293	1.000000	0	10	0.000000
2294	1.000000	0	10	0.000000
2295	1.000000	0	10	0.000000
2296	1.000000	0	5	0.000000
2297	1.000000	0	10	0.000000
2298	1.000000	0	20	0.000000
2299	1.000000	0	5	0.000000
2300	1.000000	0	15	0.000000
2301	1.000000	0	15	0.000000
2302	1.000000	0	20	0.000000
2303	1.000000	0	10	0.000000
2304	1.000000	0	10	0.000000
2305	1.000000	0	0	0.000000
2306	1.000000	0	10	0.000000
2307	1.000000	0	5	0.000000
2308	1.000000	0	5	0.000000
2309	1.000000	0	5	0.000000
2310	1.000000	0	5	0.000000
2311	1.000000	0	5	0.000000
2312	1.000000	0	5	0.000000
2313	1.000000	0	5	0.000000
2314	1.000000	0	5	0.000000
2315	1.000000	0	0	0.000000
2316	1.000000	0	0	0.000000
2317	1.000000	0	0	0.000000
2318	1.000000	0	0	0.000000
2319	1.000000	0	0	0.000000
2320	1.000000	0	5	0.000000
2321	1.000000	0	0	0.000000
2322	1.000000	0	5	0.000000
2323	1.000000	0	5	0.000000
2324	1.000000	0	5	0.000000
2325	1.000000	0	5	0.000000
2326	1.000000	0	10	0.000000
2327	1.000000	0	0	0.000000
2328	1.000000	0	15	0.000000
2329	1.000000	0	5	0.000000
2330	1.000000	0	0	0.000000
2331	1.000000	0	5	0.000000
2332	1.000000	0	0	0.000000
2333	1.000000	0	10	0.000000
2334	1.000000	0	5	0.000000
2335	1.000000	0	10	0.000000
2336	1.000000	0	5	0.000000
2337	1.000000	0	5	0.000000
2338	1.000000	0	15	0.000000
2339	1.000000	0	15	0.000000
2340	1.000000	0	10	0.000000
2341	1.000000	0	20	0.000000
2342	1.000000	0	10	0.000000
2343	1.000000	0	10	0.000000
2344	1.000000	0	10	0.000000
2345	1.000000	0	5	0.000000
2346	1.000000	0	5	0.000000
2347	1.000000	0	10	0.000000
2348	1.000000	0	10	0.000000
2349	1.000000	0	5	0.000000
2350	1.000000	0	0	0.000000
2351	1.000000	0	5	0.000000
2352	1.000000	0	0	0.000000
2353	1.000000	0	0	0.000000
2354	1.000000	0	5	0.000000
2355	1.000000	0	0	0.000000
2356	1.000000	0	0	0.000000
2357	1.000000	0	0	0.000000
2358	1.000000	0	15	0.000000
2359	1.000000	0	5	0.000000
2360	1.000000	0	15	0.000000
2361	1.000000	0	0	0.000000
2362	1.000000	0	5	0.000000
2363	1.000000	0	10	0.000000
2364	1.000000	0	10	0.000000
2365	1.000000	0	10	0.000000
2366	1.000000	0	10	0.000000
2367	1.000000	0	10	0.000000
2368	1.000000	0	10	0.000000
2369	1.000000	0	10	0.000000
2370	1.000000	0	0	0.000000
2371	1.000000	0	5	0.000000
2372	1.000000	0	5	0.000000
2373	1.000000	0	0	0.000000
2374	1.000000	0	5	0.000000
2375	1.000000	0	10	0.000000
2376	1.000000	0	0	0.000000
2377	1.000000	0	15	0.000000
2378	1.000000	0	10	0.000000
2379	1.000000	0	0	0.000000
2380	1.000000	0	0	0.000000
2381	1.000000	0	15	0.000000
2382	1.000000	0	10	0.000000
2383	1.000000	0	10	0.000000
2384	1.000000	0	15	0.000000
2385	1.000000	0	5	0.000000
2386	1.000000	0	5	0.000000
2387	1.000000	0	10	0.000000
2388	1.000000	0	20	0.000000
2389	1.000000	0	0	0.000000
2390	1.000000	0	20	0.000000
2391	1.000000	0	5	0.000000
2392	1.000000	0	10	0.000000
2393	1.000000	0	0	0.000000
2394	1.000000	0	5	0.000000
2395	1.000000	0	0	0.000000
2396	1.000000	0	5	0.000000
2397	1.000000	0	10	0.000000
2398	1.000000	0	10	0.000000
2399	1.000000	0	5	0.000000
2400	1.000000	0	5	0.000000
2401	1.000000	0	10	0.000000
2402	1.000000	0	15	0.000000
2403	1.000000	0	10	0.000000
2404	1.000000	0	5	0.000000
2405	1.000000	0	5	0.000000
2406	1.000000	0	5	0.000000
2407	1.000000	0	0	0.000000
2408	1.000000	0	5	0.000000
2409	1.000000	0	10	0.000000
2410	1.000000	0	5	0.000000
2411	1.000000	0	5	0.000000
2412	1.000000	0	10	0.000000
2413	1.000000	0	0	0.000000
2414	1.000000	0	0	0.000000
2415	1.000000	0	10	0.000000
2416	1.000000	0	10	0.000000
2417	1.000000	0	10	0.000000
2418	1.000000	0	5	0.000000
2419	1.000000	0	5	0.000000
2420	1.000000	0	0	0.000000
2421	1.000000	0	0	0.000000
2422	1.000000	0	10	0.000000
2423	1.000000	0	10	0.000000
2424	1.000000	0	10	0.000000
2425	1.000000	0	10	0.000000
2426	1.000000	0	10	0.000000
2427	1.000000	0	5	0.000000
2428	1.000000	0	5	0.000000
2429	1.000000	0	10	0.000000
2430	1.000000	0	10	0.000000
2431	1.000000	0	10	0.000000
2432	1.000000	0	10	0.000000
2433	1.000000	0	5	0.000000
2434	1.000000	0	15	0.000000
2435	1.000000	0	10	0.000000
2436	1.000000	0	10	0.000000
2437	1.000000	0	5	0.000000
2438	1.000000	0	10	0.000000
2439	1.000000	0	5	0.000000
2440	1.000000	0	10	0.000000
2441	1.000000	0	0	0.000000
2442	1.000000	0	5	0.000000
2443	1.000000	0	5	0.000000
2444	1.000000	0	5	0.000000
2445	1.000000	0	5	0.000000
2446	1.000000	0	0	0.000000
2447	1.000000	0	0	0.000000
2448	1.000000	0	0	0.000000
2449	1.000000	0	0	0.000000
2450	1.000000	0	0	0.000000
2451	1.000000	0	10	0.000000
2452	1.000000	0	5	0.000000
2453	1.000000	0	0	0.000000
2454	1.000000	0	0	0.000000
2455	1.000000	0	5	0.000000
2456	1.000000	0	0	0.000000
2457	1.000000	0	0	0.000000
2458	1.000000	0	10	0.000000
2459	1.000000	0	5	0.000000
2460	1.000000	0	5	0.000000
2461	1.000000	0	5	0.000000
2462	1.000000	0	10	0.000000
2463	1.000000	0	5	0.000000
2464	1.000000	0	5	0.000000
2465	1.000000	0	0	0.000000
2466	1.000000	0	5	0.000000
2467	1.000000	0	0	0.000000
2468	1.000000	0	0	0.000000
2469	1.000000	0	0	0.000000
2470	1.000000	0	10	0.000000
2471	1.000000	0	10	0.000000
2472	1.000000	0	5	0.000000
2473	1.000000	0	0	0.000000
2474	1.000000	0	0	0.000000
2475	1.000000	0	0	0.000000
2476	1.000000	0	10	0.000000
2477	1.000000	0	10	0.000000
2478	1.000000	0	0	0.000000
2479	1.000000	0	5	0.000000
2480	1.000000	0	5	0.000000
2481	1.000000	0	15	0.000000
2482	1.000000	0	10	0.000000
2483	1.000000	0	0	0.000000
2484	1.000000	0	5	0.000000
2485	1.000000	0	15	0.000000
2486	1.000000	0	5	0.000000
2487	1.000000	0	0	0.000000
2488	1.000000	0	5	0.000000
2489	1.000000	0	5	0.000000
2490	1.000000	0	0	0.000000
2491	1.000000	0	15	0.000000
2492	1.000000	0	10	0.000000
2493	1.000000	0	0	0.000000
2494	1.000000	0	10	0.000000
2495	1.000000	0	10	0.000000
2496	1.000000	0	5	0.000000
2497	1.000000	0	0	0.000000
2498	1.000000	0	5	0.000000
2499	1.000000	0	0	0.000000
2500	1.000000	0	5	0.000000
2501	1.000000	0	0	0.000000
2502	1.000000	0	0	0.000000
2503	1.000000	0	5	0.000000
2504	1.000000	0	10	0.000000
2505	1.000000	0	5	0.000000
2506	1.000000	0	0	0.000000
2507	1.000000	0	5	0.000000
2508	1.000000	0	5	0.000000
2509	1.000000	0	5	0.000000
2510	1.000000	0	0	0.000000
2511	1.000000	0	0	0.000000
2512	1.000000	0	0	0.000000
2513	1.000000	0	0	0.000000
2514	1.000000	0	5	0.000000
2515	1.000000	0	0	0.000000
2516	1.000000	0	5	0.000000
2517	1.000000	0	5	0.000000
2518	1.000000	0	10	0.000000
2519	1.000000	0	5	0.000000
2520	1.000000	0	10	0.000000
2521	1.000000	0	5	0.000000
2522	1.000000	0	5	0.000000
2523	1.000000	0	5	0.000000
2524	1.000000	0	5	0.000000
2525	1.000000	0	10	0.000000
2526	1.000000	0	10	0.000000
2527	1.000000	0	10	0.000000
2528	1.000000	0	10	0.000000
2529	1.000000	0	5	0.000000
2530	1.000000	0	5	0.000000
2531	1.000000	0	5	0.000000
2532	1.000000	0	10	0.000000
2533	1.000000	0	10	0.000000
2534	1.000000	0	5	0.000000
2535	1.000000	0	10	0.000000
2536	1.000000	0	5	0.000000
2537	1.000000	0	5	0.000000
2538	1.000000	0	0	0.000000
2539	1.000000	0	5	0.000000
2540	1.000000	0	10	0.000000
2541	1.000000	0	10	0.000000
2542	1.000000	0	10	0.000000
2543	1.000000	0	0	0.000000
2544	1.000000	0	10	0.000000
2545	1.000000	0	5	0.000000
2546	1.000000	0	5	0.000000
2547	1.000000	0	10	0.000000
2548	1.000000	0	5	0.000000
2549	1.000000	0	5	0.000000
2550	1.000000	0	5	0.000000
2551	1.000000	0	10	0.000000
2552	1.000000	0	5	0.000000
2553	1.000000	0	5	0.000000
2554	1.000000	0	10	0.000000
2555	1.000000	0	0	0.000000
2556	1.000000	0	0	0.000000
2557	1.000000	0	5	0.000000
2558	1.000000	0	0	0.000000
2559	1.000000	0	10	0.000000
2560	1.000000	0	10	0.000000
2561	1.000000	0	0	0.000000
2562	1.000000	0	0	0.000000
2563	1.000000	0	10	0.000000
2564	1.000000	0	10	0.000000
2565	1.000000	0	0	0.000000
2566	1.000000	0	0	0.000000
2567	1.000000	0	0	0.000000
2568	1.000000	0	5	0.000000
2569	1.000000	0	10	0.000000
2570	1.000000	0	5	0.000000
2571	1.000000	0	0	0.000000
2572	1.000000	0	5	0.000000
2573	1.000000	0	5	0.000000
2574	1.000000	0	10	0.000000
2575	1.000000	0	0	0.000000
2576	1.000000	0	5	0.000000
2577	1.000000	0	0	0.000000
2578	1.000000	0	0	0.000000
2579	1.000000	0	0	0.000000
2580	1.000000	0	10	0.000000
2581	1.000000	0	15	0.000000
2582	1.000000	0	5	0.000000
2583	1.000000	0	15	0.000000
2584	1.000000	0	0	0.000000
2585	1.000000	0	5	0.000000
2586	1.000000	0	5	0.000000
2587	1.000000	0	5	0.000000
2588	1.000000	0	0	0.000000
2589	1.000000	0	10	0.000000
2590	1.000000	0	10	0.000000
2591	1.000000	0	5	0.000000
2592	1.000000	0	5	0.000000
2593	1.000000	0	5	0.000000
2594	1.000000	0	5	0.000000
2595	1.000000	0	15	0.000000
2596	1.000000	0	5	0.000000
2597	1.000000	0	10	0.000000
2598	1.000000	0	5	0.000000
2599	1.000000	0	10	0.000000
2600	1.000000	0	5	0.000000
2601	1.000000	0	10	0.000000
2602	1.000000	0	15	0.000000
2603	1.000000	0	5	0.000000
2604	1.000000	0	10	0.000000
2605	1.000000	0	5	0.000000
2606	1.000000	0	5	0.000000
2607	1.000000	0	5	0.000000
2608	1.000000	0	15	0.000000
2609	1.000000	0	10	0.000000
2610	1.000000	0	5	0.000000
2611	1.000000	0	5	0.000000
2612	1.000000	0	10	0.000000
2613	1.000000	0	10	0.000000
2614	1.000000	0	10	0.000000
2615	1.000000	0	10	0.000000
2616	1.000000	0	15	0.000000
2617	1.000000	0	15	0.000000
2618	1.000000	0	10	0.000000
2619	1.000000	0	10	0.000000
2620	1.000000	0	5	0.000000
2621	1.000000	0	10	0.000000
2622	1.000000	0	10	0.000000
2623	1.000000	0	5	0.000000
2624	1.000000	0	10	0.000000
2625	1.000000	0	5	0.000000
2626	1.000000	0	5	0.000000
2627	1.000000	0	10	0.000000
2628	1.000000	0	5	0.000000
2629	1.000000	0	0	0.000000
2630	1.000000	0	0	0.000000
2631	1.000000	0	5	0.000000
2632	1.000000	0	5	0.000000
2633	1.000000	0	5	0.000000
2634	1.000000	0	5	0.000000
2635	1.000000	0	10	0.000000
2636	1.000000	0	5	0.000000
2637	1.000000	0	0	0.000000
2638	1.000000	0	5	0.000000
2639	1.000000	0	5	0.000000
2640	1.000000	0	10	0.000000
2641	1.000000	0	10	0.000000
2642	1.000000	0	10	0.000000
2643	1.000000	0	0	0.000000
2644	1.000000	0	5	0.000000
2645	1.000000	0	5	0.000000
2646	1.000000	0	5	0.000000
2647	1.000000	0	5	0.000000
2648	1.000000	0	5	0.000000
2649	1.000000	0	5	0.000000
2650	1.000000	0	5	0.000000
2651	1.000000	0	5	0.000000
2652	1.000000	0	5	0.000000
2653	1.000000	0	5	0.000000
2654	1.000000	0	10	0.000000
2655	1.000000	0	5	0.000000
2656	1.000000	0	5	0.000000
2657	1.000000	0	10	0.000000
2658	1.000000	0	5	0.000000
2659	1.000000	0	5	0.000000
2660	1.000000	0	10	0.000000
2661	1.000000	0	15	0.000000
2662	1.000000	0	10	0.000000
2663	1.000000	0	10	0.000000
2664	1.000000	0	5	0.000000
2665	1.000000	0	10	0.000000
2666	1.000000	0	15	0.000000
2667	1.000000	0	10	0.000000
2668	1.000000	0	15	0.000000
2669	1.000000	0	10	0.000000
2670	1.000000	0	20	0.000000
2671	1.000000	0	5	0.000000
2672	1.000000	0	5	0.000000
2673	1.000000	0	15	0.000000
2674	1.000000	0	5	0.000000
2675	1.000000	0	5	0.000000
2676	1.000000	0	10	0.000000
2677	1.000000	0	10	0.000000
2678	1.000000	0	5	0.000000
2679	1.000000	0	5	0.000000
2680	1.000000	0	5	0.000000
2681	1.000000	0	0	0.000000
2682	1.000000	0	5	0.000000
2683	1.000000	0	10	0.000000
2684	1.000000	0	5	0.000000
2685	1.000000	0	5	0.000000
2686	1.000000	0	15	0.000000
2687	1.000000	0	10	0.000000
2688	1.000000	0	10	0.000000
2689	1.000000	0	5	0.000000
2690	1.000000	0	5	0.000000
2691	1.000000	0	0	0.000000
2692	1.000000	0	5	0.000000
2693	1.000000	0	5	0.000000
2694	1.000000	0	5	0.000000
2695	1.000000	0	0	0.000000
2696	1.000000	0	5	0.000000
2697	1.000000	0	0	0.000000
2698	1.000000	0	0	0.000000
2699	1.000000	0	0	0.000000
