0	0.161271	0	0	0.000000
1	0.155411	0	455	0.000000
2	0.160290	0	455	0.000000
3	0.165823	0	480	0.000000
4	0.158109	0	470	0.000000
5	0.159695	0	455	0.000000
6	0.158270	0	455	0.000000
7	0.274371	0	460	0.000000
8	0.163456	0	455	0.000000
9	0.163456	0	485	0.000000
10	0.163456	0	475	0.000000
11	0.163456	0	465	0.000000
12	0.163456	0	455	0.000000
13	0.163456	0	480	0.000000
14	0.163456	0	475	0.000000
15	0.164276	0	470	0.000000
16	0.163456	0	470	0.000000
17	0.163071	0	460	0.000000
18	0.162119	0	470	0.000000
19	0.163456	0	430	0.000000
20	0.163456	0	470	0.000000
21	0.162749	0	455	0.000000
22	0.161739	0	455	0.000000
23	0.164652	0	455	0.000000
24	0.156977	0	460	0.000000
25	0.170594	0	480	0.000000
26	0.159690	0	465	0.000000
27	0.157236	0	455	0.000000
28	0.158138	0	445	0.000000
29	0.159075	0	475	0.000000
30	0.155128	0	450	0.000000
31	0.159251	0	465	0.000000
32	0.159504	0	445	0.000000
33	0.163642	0	470	0.000000
34	0.160890	0	465	0.000000
35	0.160890	0	475	0.000000
36	0.163364	0	475	0.000000
37	0.158416	0	470	0.000000
38	0.158416	0	475	0.000000
39	0.275263	0	480	0.000000
40	0.161231	0	465	0.000000
41	0.159251	0	470	0.000000
42	0.159251	0	450	0.000000
43	0.159251	0	460	0.000000
44	0.162822	0	460	0.000000
45	0.165413	0	440	0.000000
46	0.161178	0	430	0.000000
47	0.159953	0	480	0.000000
48	0.160480	0	475	0.000000
49	0.160978	0	455	0.000000
50	0.163393	0	465	0.000000
51	0.163071	0	475	0.000000
52	0.162612	0	470	0.000000
53	0.163778	0	480	0.000000
54	0.161314	0	460	0.000000
55	0.161022	0	460	0.000000
56	0.163115	0	455	0.000000
57	0.161022	0	470	0.000000
58	0.165603	0	445	0.000000
59	0.158548	0	465	0.000000
60	0.162207	0	440	0.000000
61	0.158772	0	485	0.000000
62	0.160319	0	460	0.000000
63	0.161212	0	475	0.000000
64	0.160085	0	450	0.000000
65	0.157816	0	460	0.000000
66	0.161212	0	465	0.000000
67	0.163261	0	425	0.000000
68	0.158172	0	450	0.000000
69	0.159065	0	440	0.000000
70	0.160119	0	445	0.000000
71	0.162783	0	440	0.000000
72	0.161212	0	475	0.000000
73	0.161212	0	465	0.000000
74	0.279777	0	470	0.000000
75	0.163978	0	465	0.000000
76	0.159968	0	415	0.000000
77	0.159456	0	470	0.000000
78	0.159968	0	455	0.000000
79	0.164208	0	410	0.000000
80	0.162681	0	445	0.000000
81	0.164198	0	450	0.000000
82	0.163876	0	480	0.000000
83	0.159573	0	470	0.000000
84	0.161695	0	425	0.000000
85	0.158192	0	455	0.000000
86	0.161344	0	455	0.000000
87	0.159485	0	450	0.000000
88	0.158621	0	465	0.000000
89	0.162237	0	450	0.000000
90	0.162681	0	440	0.000000
91	0.162681	0	445	0.000000
92	0.159153	0	455	0.000000
93	0.162559	0	445	0.000000
94	0.162149	0	465	0.000000
95	0.166252	0	455	0.000000
96	0.158450	0	440	0.000000
97	0.165223	0	465	0.000000
98	0.158738	0	450	0.000000
99	0.159251	0	455	0.000000
100	0.158392	0	460	0.000000
101	0.173478	0	470	0.000000
102	0.274761	0	460	0.000000
103	0.273341	0	455	0.000000
104	0.168150	0	435	0.000000
105	0.273341	0	480	0.000000
106	0.159182	0	480	0.000000
107	0.160719	0	465	0.000000
108	0.161797	0	475	0.000000
109	0.160724	0	460	0.000000
110	0.165120	0	470	0.000000
111	0.161041	0	445	0.000000
112	0.163364	0	440	0.000000
113	0.161593	0	475	0.000000
114	0.157714	0	440	0.000000
115	0.159573	0	470	0.000000
116	0.159192	0	420	0.000000
117	0.160890	0	460	0.000000
118	0.160890	0	430	0.000000
119	0.160290	0	475	0.000000
120	0.160290	0	430	0.000000
121	0.157777	0	455	0.000000
122	0.159607	0	480	0.000000
123	0.159607	0	470	0.000000
124	0.160222	0	435	0.000000
125	0.157114	0	445	0.000000
126	0.161524	0	465	0.000000
127	0.161524	0	450	0.000000
128	0.162720	0	430	0.000000
129	0.277679	0	450	0.000000
130	0.161524	0	460	0.000000
131	0.161524	0	445	0.000000
132	0.161524	0	450	0.000000
133	0.158841	0	430	0.000000
134	0.157645	0	480	0.000000
135	0.160309	0	450	0.000000
136	0.161524	0	420	0.000000
137	0.161505	0	450	0.000000
138	0.160309	0	445	0.000000
139	0.160309	0	435	0.000000
140	0.160822	0	425	0.000000
141	0.163486	0	470	0.000000
142	0.163486	0	450	0.000000
143	0.163486	0	460	0.000000
144	0.163486	0	465	0.000000
145	0.163486	0	430	0.000000
146	0.163486	0	440	0.000000
147	0.163164	0	415	0.000000
148	0.163164	0	445	0.000000
149	0.279557	0	460	0.000000
150	0.280289	0	455	0.000000
151	0.280289	0	425	0.000000
152	0.280289	0	465	0.000000
153	0.280289	0	425	0.000000
154	0.281313	0	425	0.000000
155	0.280289	0	455	0.000000
156	0.280991	0	410	0.000000
157	0.280289	0	435	0.000000
158	0.160909	0	425	0.000000
159	0.160787	0	415	0.000000
160	0.158670	0	390	0.000000
161	0.160670	0	440	0.000000
162	0.160568	0	405	0.000000
163	0.160465	0	410	0.000000
164	0.160465	0	430	0.000000
165	0.160700	0	425	0.000000
166	0.157938	0	445	0.000000
167	0.157938	0	435	0.000000
168	0.157938	0	430	0.000000
169	0.157938	0	400	0.000000
170	0.158943	0	420	0.000000
171	0.158021	0	410	0.000000
172	0.160480	0	410	0.000000
173	0.158553	0	400	0.000000
174	0.158553	0	425	0.000000
175	0.158553	0	420	0.000000
176	0.158802	0	395	0.000000
177	0.158553	0	435	0.000000
178	0.161012	0	415	0.000000
179	0.162661	0	430	0.000000
180	0.160890	0	400	0.000000
181	0.160890	0	410	0.000000
182	0.160890	0	405	0.000000
183	0.275132	0	380	0.000000
184	0.275132	0	395	0.000000
185	0.275132	0	410	0.000000
186	0.275132	0	400	0.000000
187	0.275556	0	410	0.000000
188	0.275966	0	425	0.000000
189	0.276610	0	370	0.000000
190	0.276610	0	395	0.000000
191	0.276610	0	435	0.000000
192	0.276610	0	400	0.000000
193	0.277313	0	385	0.000000
194	0.276610	0	405	0.000000
195	0.276610	0	395	0.000000
196	0.276610	0	395	0.000000
197	0.276610	0	380	0.000000
198	0.276610	0	405	0.000000
199	0.276610	0	415	0.000000
200	0.277635	0	405	0.000000
201	0.277635	0	375	0.000000
202	0.277635	0	410	0.000000
203	0.278952	0	385	0.000000
204	0.278952	0	380	0.000000
205	0.278952	0	380	0.000000
206	0.278952	0	405	0.000000
207	0.279655	0	385	0.000000
208	0.279655	0	435	0.000000
209	0.279655	0	400	0.000000
210	0.279757	0	380	0.000000
211	0.279757	0	365	0.000000
212	0.279757	0	395	0.000000
213	0.279757	0	365	0.000000
214	0.279757	0	400	0.000000
215	0.279757	0	410	0.000000
216	0.279757	0	390	0.000000
217	0.279777	0	345	0.000000
218	0.279777	0	370	0.000000
219	0.279777	0	360	0.000000
220	0.279777	0	380	0.000000
221	0.279777	0	380	0.000000
222	0.279777	0	380	0.000000
223	0.279777	0	350	0.000000
224	0.279777	0	370	0.000000
225	0.279777	0	375	0.000000
226	0.279777	0	345	0.000000
227	0.279777	0	360	0.000000
228	0.279777	0	385	0.000000
229	0.279777	0	370	0.000000
230	0.279777	0	345	0.000000
231	0.279777	0	340	0.000000
232	0.279777	0	350	0.000000
233	0.281401	0	375	0.000000
234	0.281401	0	340	0.000000
235	0.281401	0	380	0.000000
236	0.281401	0	400	0.000000
237	0.280821	0	380	0.000000
238	0.279367	0	380	0.000000
239	0.280821	0	380	0.000000
240	0.286388	0	375	0.000000
241	0.287412	0	390	0.000000
242	0.287412	0	380	0.000000
243	0.287412	0	390	0.000000
244	0.287412	0	370	0.000000
245	0.287412	0	390	0.000000
246	0.287412	0	375	0.000000
247	0.289169	0	355	0.000000
248	0.289169	0	390	0.000000
249	0.289169	0	365	0.000000
250	0.289169	0	300	0.000000
251	0.289169	0	365	0.000000
252	0.289169	0	350	0.000000
253	0.289169	0	330	0.000000
254	0.289169	0	340	0.000000
255	0.289169	0	345	0.000000
256	0.289169	0	365	0.000000
257	0.289169	0	345	0.000000
258	0.290193	0	365	0.000000
259	0.289169	0	355	0.000000
260	0.289169	0	310	0.000000
261	0.289169	0	365	0.000000
262	0.289169	0	345	0.000000
263	0.289169	0	330	0.000000
264	0.290193	0	330	0.000000
265	0.289169	0	325	0.000000
266	0.289169	0	350	0.000000
267	0.290193	0	335	0.000000
268	0.289169	0	345	0.000000
269	0.289169	0	340	0.000000
270	0.289169	0	345	0.000000
271	0.289169	0	300	0.000000
272	0.289169	0	305	0.000000
273	0.289169	0	310	0.000000
274	0.289476	0	330	0.000000
275	0.289476	0	315	0.000000
276	0.289476	0	335	0.000000
277	0.290603	0	305	0.000000
278	0.290603	0	290	0.000000
279	0.290603	0	325	0.000000
280	0.290603	0	280	0.000000
281	0.290603	0	315	0.000000
282	0.290603	0	365	0.000000
283	0.290603	0	350	0.000000
284	0.290603	0	335	0.000000
285	0.406997	0	345	0.000000
286	0.406997	0	290	0.000000
287	0.406997	0	315	0.000000
288	0.406997	0	370	0.000000
289	0.406997	0	295	0.000000
290	0.406997	0	315	0.000000
291	0.406997	0	320	0.000000
292	0.405972	0	330	0.000000
293	0.405972	0	340	0.000000
294	0.405972	0	345	0.000000
295	0.406162	0	335	0.000000
296	0.406162	0	325	0.000000
297	0.406162	0	325	0.000000
298	0.406162	0	270	0.000000
299	0.405972	0	330	0.000000
300	0.405972	0	290	0.000000
301	0.405972	0	300	0.000000
302	0.405972	0	285	0.000000
303	0.405972	0	310	0.000000
304	0.405972	0	340	0.000000
305	0.405972	0	320	0.000000
306	0.405972	0	355	0.000000
307	0.405972	0	295	0.000000
308	0.405972	0	315	0.000000
309	0.405972	0	340	0.000000
310	0.405972	0	315	0.000000
311	0.405972	0	345	0.000000
312	0.405972	0	345	0.000000
313	0.405972	0	305	0.000000
314	0.405972	0	310	0.000000
315	0.405972	0	235	0.000000
316	0.405972	0	320	0.000000
317	0.405972	0	280	0.000000
318	0.405972	0	300	0.000000
319	0.405972	0	325	0.000000
320	0.406294	0	335	0.000000
321	0.406294	0	330	0.000000
322	0.406294	0	330	0.000000
323	0.406294	0	320	0.000000
324	0.406294	0	315	0.000000
325	0.406294	0	295	0.000000
326	0.406294	0	290	0.000000
327	0.406294	0	265	0.000000
328	0.406294	0	275	0.000000
329	0.406294	0	300	0.000000
330	0.406294	0	295	0.000000
331	0.405240	0	250	0.000000
332	0.405240	0	275	0.000000
333	0.405240	0	295	0.000000
334	0.519292	0	260	0.000000
335	0.519292	0	285	0.000000
336	0.519292	0	255	0.000000
337	0.519292	0	310	0.000000
338	0.519292	0	300	0.000000
339	0.519292	0	280	0.000000
340	0.519292	0	300	0.000000
341	0.519292	0	325	0.000000
342	0.522658	0	290	0.000000
343	0.523273	0	290	0.000000
344	0.523273	0	270	0.000000
345	0.523273	0	315	0.000000
346	0.523273	0	280	0.000000
347	0.403908	0	305	0.000000
348	0.403908	0	265	0.000000
349	0.521121	0	260	0.000000
350	0.403908	0	265	0.000000
351	0.405855	0	295	0.000000
352	0.403908	0	260	0.000000
353	0.403908	0	230	0.000000
354	0.403074	0	230	0.000000
355	0.403074	0	245	0.000000
356	0.403074	0	245	0.000000
357	0.403074	0	235	0.000000
358	0.403074	0	270	0.000000
359	0.401756	0	245	0.000000
360	0.401586	0	285	0.000000
361	0.401586	0	260	0.000000
362	0.401586	0	240	0.000000
363	0.401586	0	260	0.000000
364	0.401586	0	275	0.000000
365	0.401586	0	230	0.000000
366	0.401586	0	260	0.000000
367	0.401586	0	280	0.000000
368	0.401586	0	300	0.000000
369	0.401586	0	265	0.000000
370	0.401586	0	300	0.000000
371	0.401586	0	260	0.000000
372	0.401586	0	295	0.000000
373	0.401586	0	295	0.000000
374	0.401586	0	245	0.000000
375	0.401586	0	265	0.000000
376	0.401586	0	245	0.000000
377	0.401586	0	250	0.000000
378	0.401586	0	225	0.000000
379	0.401586	0	220	0.000000
380	0.401586	0	240	0.000000
381	0.402781	0	270	0.000000
382	0.402781	0	240	0.000000
383	0.402781	0	285	0.000000
384	0.402781	0	265	0.000000
385	0.402781	0	280	0.000000
386	0.402781	0	265	0.000000
387	0.402781	0	270	0.000000
388	0.402781	0	290	0.000000
389	0.402781	0	245	0.000000
390	0.402781	0	260	0.000000
391	0.402781	0	285	0.000000
392	0.402781	0	245	0.000000
393	0.405855	0	285	0.000000
394	0.405855	0	225	0.000000
395	0.405855	0	285	0.000000
396	0.405855	0	235	0.000000
397	0.405855	0	200	0.000000
398	0.405855	0	210	0.000000
399	0.405855	0	250	0.000000
400	0.405855	0	230	0.000000
401	0.405855	0	215	0.000000
402	0.405855	0	220	0.000000
403	0.405855	0	190	0.000000
404	0.405855	0	250	0.000000
405	0.405855	0	260	0.000000
406	0.405855	0	265	0.000000
407	0.405855	0	235	0.000000
408	0.405855	0	195	0.000000
409	0.405855	0	205	0.000000
410	0.405855	0	230	0.000000
411	0.405855	0	200	0.000000
412	0.405855	0	220	0.000000
413	0.405855	0	230	0.000000
414	0.405855	0	235	0.000000
415	0.405855	0	240	0.000000
416	0.405855	0	250	0.000000
417	0.405855	0	245	0.000000
418	0.408314	0	210	0.000000
419	0.408314	0	235	0.000000
420	0.408314	0	220	0.000000
421	0.408314	0	240	0.000000
422	0.408929	0	200	0.000000
423	0.408929	0	225	0.000000
424	0.408929	0	250	0.000000
425	0.408929	0	245	0.000000
426	0.408929	0	235	0.000000
427	0.408929	0	190	0.000000
428	0.408929	0	180	0.000000
429	0.408929	0	195	0.000000
430	0.408929	0	210	0.000000
431	0.408929	0	245	0.000000
432	0.408929	0	235	0.000000
433	0.408929	0	240	0.000000
434	0.408929	0	220	0.000000
435	0.408929	0	225	0.000000
436	0.408929	0	250	0.000000
437	0.408929	0	170	0.000000
438	0.408929	0	240	0.000000
439	0.408929	0	220	0.000000
440	0.408929	0	220	0.000000
441	0.408929	0	210	0.000000
442	0.408929	0	185	0.000000
443	0.408929	0	200	0.000000
444	0.408929	0	205	0.000000
445	0.408929	0	240	0.000000
446	0.408929	0	190	0.000000
447	0.408929	0	200	0.000000
448	0.408929	0	190	0.000000
449	0.408929	0	230	0.000000
450	0.414564	0	220	0.000000
451	0.414564	0	225	0.000000
452	0.414564	0	250	0.000000
453	0.415998	0	240	0.000000
454	0.415998	0	210	0.000000
455	0.415998	0	225	0.000000
456	0.415998	0	255	0.000000
457	0.415998	0	205	0.000000
458	0.415998	0	190	0.000000
459	0.415998	0	220	0.000000
460	0.415998	0	185	0.000000
461	0.415998	0	260	0.000000
462	0.415998	0	250	0.000000
463	0.415998	0	250	0.000000
464	0.415998	0	190	0.000000
465	0.415998	0	200	0.000000
466	0.415998	0	195	0.000000
467	0.415998	0	185	0.000000
468	0.415998	0	170	0.000000
469	0.415998	0	175	0.000000
470	0.415998	0	135	0.000000
471	0.415998	0	200	0.000000
472	0.415998	0	215	0.000000
473	0.415998	0	205	0.000000
474	0.415998	0	180	0.000000
475	0.415998	0	195	0.000000
476	0.415998	0	165	0.000000
477	0.415998	0	220	0.000000
478	0.415998	0	230	0.000000
479	0.415998	0	200	0.000000
480	0.415998	0	180	0.000000
481	0.415998	0	175	0.000000
482	0.415998	0	180	0.000000
483	0.415998	0	195	0.000000
484	0.415998	0	190	0.000000
485	0.415998	0	200	0.000000
486	0.415998	0	200	0.000000
487	0.521721	0	225	0.000000
488	0.521721	0	190	0.000000
489	0.521721	0	225	0.000000
490	0.521721	0	235	0.000000
491	0.521721	0	220	0.000000
492	0.521721	0	195	0.000000
493	0.521721	0	175	0.000000
494	0.521721	0	190	0.000000
495	0.521721	0	165	0.000000
496	0.521721	0	210	0.000000
497	0.523361	0	175	0.000000
498	0.523361	0	215	0.000000
499	0.523361	0	160	0.000000
500	0.523361	0	175	0.000000
501	0.523361	0	210	0.000000
502	0.525820	0	245	0.000000
503	0.525820	0	205	0.000000
504	0.525820	0	160	0.000000
505	0.525820	0	235	0.000000
506	0.525820	0	195	0.000000
507	0.527166	0	180	0.000000
508	0.527166	0	235	0.000000
509	0.527166	0	195	0.000000
510	0.527166	0	200	0.000000
511	0.527166	0	215	0.000000
512	0.527166	0	235	0.000000
513	0.527166	0	195	0.000000
514	0.527166	0	190	0.000000
515	0.527166	0	215	0.000000
516	0.527166	0	215	0.000000
517	0.527166	0	205	0.000000
518	0.528191	0	235	0.000000
519	0.528191	0	230	0.000000
520	0.528191	0	170	0.000000
521	0.528191	0	180	0.000000
522	0.528191	0	190	0.000000
523	0.528191	0	200	0.000000
524	0.528191	0	240	0.000000
525	0.528191	0	255	0.000000
526	0.528191	0	205	0.000000
527	0.528191	0	195	0.000000
528	0.528191	0	170	0.000000
529	0.528191	0	210	0.000000
530	0.528191	0	170	0.000000
531	0.528191	0	210	0.000000
532	0.528191	0	190	0.000000
533	0.534631	0	210	0.000000
534	0.534631	0	220	0.000000
535	0.534631	0	190	0.000000
536	0.534631	0	195	0.000000
537	0.534631	0	240	0.000000
538	0.534631	0	195	0.000000
539	0.534631	0	200	0.000000
540	0.534631	0	195	0.000000
541	0.534631	0	190	0.000000
542	0.534631	0	190	0.000000
543	0.534631	0	155	0.000000
544	0.534631	0	190	0.000000
545	0.534631	0	195	0.000000
546	0.534631	0	165	0.000000
547	0.534631	0	205	0.000000
548	0.534631	0	140	0.000000
549	0.534631	0	165	0.000000
550	0.534631	0	170	0.000000
551	0.534631	0	215	0.000000
552	0.534631	0	140	0.000000
553	0.534631	0	190	0.000000
554	0.540369	0	220	0.000000
555	0.540369	0	190	0.000000
556	0.540369	0	170	0.000000
557	0.540369	0	180	0.000000
558	0.540369	0	145	0.000000
559	0.540369	0	180	0.000000
560	0.540369	0	195	0.000000
561	0.540369	0	150	0.000000
562	0.540369	0	200	0.000000
563	0.540369	0	180	0.000000
564	0.540369	0	175	0.000000
565	0.540369	0	210	0.000000
566	0.540369	0	180	0.000000
567	0.540369	0	185	0.000000
568	0.540369	0	195	0.000000
569	0.540369	0	205	0.000000
570	0.540369	0	205	0.000000
571	0.542828	0	180	0.000000
572	0.542828	0	180	0.000000
573	0.542828	0	185	0.000000
574	0.542828	0	180	0.000000
575	0.542828	0	200	0.000000
576	0.542828	0	200	0.000000
577	0.542828	0	170	0.000000
578	0.542828	0	155	0.000000
579	0.542828	0	185	0.000000
580	0.542828	0	170	0.000000
581	0.542828	0	165	0.000000
582	0.542828	0	155	0.000000
583	0.542828	0	185	0.000000
584	0.542828	0	155	0.000000
585	0.542828	0	210	0.000000
586	0.542828	0	200	0.000000
587	0.542828	0	165	0.000000
588	0.542828	0	165	0.000000
589	0.542828	0	130	0.000000
590	0.542828	0	175	0.000000
591	0.542828	0	170	0.000000
592	0.542828	0	155	0.000000
593	0.542828	0	155	0.000000
594	0.542828	0	135	0.000000
595	0.544467	0	170	0.000000
596	0.645902	0	180	0.000000
597	0.645902	0	200	0.000000
598	0.645902	0	175	0.000000
599	0.645902	0	205	0.000000
600	0.645902	0	145	0.000000
601	0.544467	0	200	0.000000
602	0.544467	0	140	0.000000
603	0.544467	0	185	0.000000
604	0.544467	0	160	0.000000
605	0.544467	0	135	0.000000
606	0.544467	0	175	0.000000
607	0.544467	0	155	0.000000
608	0.544467	0	195	0.000000
609	0.544467	0	200	0.000000
610	0.544467	0	185	0.000000
611	0.544467	0	170	0.000000
612	0.544467	0	155	0.000000
613	0.544467	0	145	0.000000
614	0.544467	0	185	0.000000
615	0.544467	0	135	0.000000
616	0.544467	0	185	0.000000
617	0.544467	0	220	0.000000
618	0.544467	0	190	0.000000
619	0.645902	0	155	0.000000
620	0.645902	0	195	0.000000
621	0.645902	0	185	0.000000
622	0.645902	0	145	0.000000
623	0.645902	0	170	0.000000
624	0.645902	0	115	0.000000
625	0.645902	0	105	0.000000
626	0.645902	0	180	0.000000
627	0.645902	0	165	0.000000
628	0.645902	0	150	0.000000
629	0.645902	0	170	0.000000
630	0.645902	0	150	0.000000
631	0.645902	0	145	0.000000
632	0.645902	0	195	0.000000
633	0.645902	0	170	0.000000
634	0.645902	0	190	0.000000
635	0.645902	0	165	0.000000
636	0.645902	0	165	0.000000
637	0.645902	0	125	0.000000
638	0.646019	0	180	0.000000
639	0.646019	0	175	0.000000
640	0.647658	0	165	0.000000
641	0.762295	0	150	0.000000
642	0.762295	0	175	0.000000
643	0.762295	0	135	0.000000
644	0.762295	0	150	0.000000
645	0.762295	0	185	0.000000
646	0.762295	0	160	0.000000
647	0.762295	0	145	0.000000
648	0.762295	0	165	0.000000
649	0.762295	0	160	0.000000
650	0.647746	0	165	0.000000
651	0.647746	0	140	0.000000
652	0.647746	0	175	0.000000
653	0.647746	0	125	0.000000
654	0.647746	0	155	0.000000
655	0.647746	0	120	0.000000
656	0.647746	0	150	0.000000
657	0.647746	0	130	0.000000
658	0.647746	0	135	0.000000
659	0.647746	0	105	0.000000
660	0.647746	0	120	0.000000
661	0.647746	0	90	0.000000
662	0.647746	0	95	0.000000
663	0.647746	0	155	0.000000
664	0.647746	0	105	0.000000
665	0.647746	0	140	0.000000
666	0.647746	0	115	0.000000
667	0.647746	0	155	0.000000
668	0.648683	0	140	0.000000
669	0.648683	0	140	0.000000
670	0.648683	0	150	0.000000
671	0.651757	0	145	0.000000
672	0.662295	0	140	0.000000
673	0.662295	0	135	0.000000
674	0.662295	0	165	0.000000
675	0.662295	0	140	0.000000
676	0.662295	0	125	0.000000
677	0.662295	0	160	0.000000
678	0.662295	0	145	0.000000
679	0.662295	0	115	0.000000
680	0.662295	0	165	0.000000
681	0.662295	0	100	0.000000
682	0.662295	0	145	0.000000
683	0.662295	0	160	0.000000
684	0.662295	0	110	0.000000
685	0.662295	0	135	0.000000
686	0.662295	0	150	0.000000
687	0.662295	0	140	0.000000
688	0.662295	0	135	0.000000
689	0.662295	0	145	0.000000
690	0.662295	0	130	0.000000
691	0.662295	0	135	0.000000
692	0.662295	0	125	0.000000
693	0.662295	0	135	0.000000
694	0.662295	0	115	0.000000
695	0.662295	0	85	0.000000
696	0.662295	0	90	0.000000
697	0.662295	0	170	0.000000
698	0.662295	0	95	0.000000
699	0.662295	0	105	0.000000
700	0.662295	0	80	0.000000
701	0.662295	0	145	0.000000
702	0.662295	0	140	0.000000
703	0.662295	0	130	0.000000
704	0.662295	0	150	0.000000
705	0.662295	0	125	0.000000
706	0.662295	0	130	0.000000
707	0.662295	0	115	0.000000
708	0.662295	0	135	0.000000
709	0.662295	0	135	0.000000
710	0.662295	0	95	0.000000
711	0.662295	0	120	0.000000
712	0.662295	0	165	0.000000
713	0.662295	0	145	0.000000
714	0.662295	0	120	0.000000
715	0.662295	0	155	0.000000
716	0.662295	0	115	0.000000
717	0.662295	0	100	0.000000
718	0.662295	0	135	0.000000
719	0.662295	0	125	0.000000
720	0.662295	0	110	0.000000
721	0.662295	0	130	0.000000
722	0.662295	0	170	0.000000
723	0.662295	0	145	0.000000
724	0.662295	0	120	0.000000
725	0.662295	0	105	0.000000
726	0.662295	0	155	0.000000
727	0.662295	0	105	0.000000
728	0.662295	0	110	0.000000
729	0.662295	0	140	0.000000
730	0.662295	0	100	0.000000
731	0.662295	0	115	0.000000
732	0.662295	0	105	0.000000
733	0.662295	0	125	0.000000
734	0.662295	0	140	0.000000
735	0.662295	0	100	0.000000
736	0.662295	0	80	0.000000
737	0.662295	0	150	0.000000
738	0.662295	0	145	0.000000
739	0.662295	0	155	0.000000
740	0.662295	0	140	0.000000
741	0.662295	0	115	0.000000
742	0.662295	0	150	0.000000
743	0.662295	0	140	0.000000
744	0.662295	0	150	0.000000
745	0.662295	0	165	0.000000
746	0.662295	0	125	0.000000
747	0.662295	0	150	0.000000
748	0.662295	0	150	0.000000
749	0.662295	0	145	0.000000
750	0.662295	0	140	0.000000
751	0.662295	0	145	0.000000
752	0.662295	0	115	0.000000
753	0.662295	0	100	0.000000
754	0.662295	0	100	0.000000
755	0.662295	0	110	0.000000
756	0.662295	0	100	0.000000
757	0.662295	0	115	0.000000
758	0.662295	0	145	0.000000
759	0.662295	0	125	0.000000
760	0.662295	0	100	0.000000
761	0.662295	0	120	0.000000
762	0.662295	0	85	0.000000
763	0.662295	0	125	0.000000
764	0.662295	0	80	0.000000
765	0.662295	0	100	0.000000
766	0.662295	0	65	0.000000
767	0.662295	0	105	0.000000
768	0.662295	0	115	0.000000
769	0.662295	0	80	0.000000
770	0.662295	0	100	0.000000
771	0.662295	0	75	0.000000
772	0.662295	0	65	0.000000
773	0.662295	0	100	0.000000
774	0.662295	0	100	0.000000
775	0.662295	0	105	0.000000
776	0.662295	0	75	0.000000
777	0.662295	0	90	0.000000
778	0.662295	0	95	0.000000
779	0.662295	0	85	0.000000
780	0.662295	0	85	0.000000
781	0.662295	0	125	0.000000
782	0.662295	0	70	0.000000
783	0.662295	0	105	0.000000
784	0.662295	0	85	0.000000
785	0.662295	0	120	0.000000
786	0.662295	0	120	0.000000
787	0.662295	0	105	0.000000
788	0.662295	0	115	0.000000
789	0.769877	0	120	0.000000
790	0.662295	0	105	0.000000
791	0.662295	0	130	0.000000
792	0.662295	0	85	0.000000
793	0.662295	0	70	0.000000
794	0.662295	0	105	0.000000
795	0.662295	0	120	0.000000
796	0.662295	0	80	0.000000
797	0.662295	0	120	0.000000
798	0.662295	0	100	0.000000
799	0.662295	0	70	0.000000
800	0.662295	0	70	0.000000
801	0.662295	0	75	0.000000
802	0.662295	0	115	0.000000
803	0.662295	0	95	0.000000
804	0.662295	0	100	0.000000
805	0.662295	0	110	0.000000
806	0.662295	0	110	0.000000
807	0.662295	0	100	0.000000
808	0.662295	0	110	0.000000
809	0.662295	0	85	0.000000
810	0.662295	0	65	0.000000
811	0.662295	0	125	0.000000
812	0.662295	0	85	0.000000
813	0.662295	0	105	0.000000
814	0.662295	0	75	0.000000
815	0.662295	0	65	0.000000
816	0.662295	0	105	0.000000
817	0.662295	0	105	0.000000
818	0.662295	0	105	0.000000
819	0.662295	0	100	0.000000
820	0.662295	0	95	0.000000
821	0.662295	0	90	0.000000
822	0.662295	0	70	0.000000
823	0.662295	0	90	0.000000
824	0.662295	0	125	0.000000
825	0.662295	0	75	0.000000
826	0.662295	0	110	0.000000
827	0.662295	0	130	0.000000
828	0.662295	0	70	0.000000
829	0.662295	0	60	0.000000
830	0.662295	0	70	0.000000
831	0.662295	0	75	0.000000
832	0.662295	0	65	0.000000
833	0.662295	0	80	0.000000
834	0.662295	0	105	0.000000
835	0.662295	0	100	0.000000
836	0.662295	0	100	0.000000
837	0.662295	0	70	0.000000
838	0.662295	0	105	0.000000
839	0.662295	0	90	0.000000
840	0.662295	0	80	0.000000
841	0.662295	0	105	0.000000
842	0.765076	0	75	0.000000
843	0.765076	0	120	0.000000
844	0.765076	0	110	0.000000
845	0.765076	0	75	0.000000
846	0.765076	0	85	0.000000
847	0.765076	0	100	0.000000
848	0.765076	0	115	0.000000
849	0.765076	0	95	0.000000
850	0.765076	0	60	0.000000
851	0.765076	0	110	0.000000
852	0.765076	0	105	0.000000
853	0.765076	0	75	0.000000
854	0.765076	0	80	0.000000
855	0.765076	0	110	0.000000
856	0.765076	0	115	0.000000
857	0.765076	0	95	0.000000
858	0.765076	0	75	0.000000
859	0.765076	0	70	0.000000
860	0.765076	0	85	0.000000
861	0.765076	0	80	0.000000
862	0.765076	0	100	0.000000
863	0.765076	0	110	0.000000
864	0.765076	0	120	0.000000
865	0.765076	0	100	0.000000
866	0.765076	0	100	0.000000
867	0.765076	0	115	0.000000
868	0.765076	0	80	0.000000
869	0.765076	0	85	0.000000
870	0.765076	0	50	0.000000
871	0.765076	0	75	0.000000
872	0.765076	0	95	0.000000
873	0.765076	0	80	0.000000
874	0.765076	0	110	0.000000
875	0.765076	0	45	0.000000
876	0.765076	0	70	0.000000
877	0.765076	0	95	0.000000
878	0.765076	0	70	0.000000
879	0.765076	0	65	0.000000
880	0.765076	0	40	0.000000
881	0.765076	0	75	0.000000
882	0.765076	0	70	0.000000
883	0.765076	0	85	0.000000
884	0.765076	0	50	0.000000
885	0.765076	0	75	0.000000
886	0.765076	0	70	0.000000
887	0.765076	0	65	0.000000
888	0.765076	0	100	0.000000
889	0.772248	0	65	0.000000
890	0.772248	0	80	0.000000
891	0.772248	0	95	0.000000
892	0.772248	0	65	0.000000
893	0.772248	0	100	0.000000
894	0.772248	0	90	0.000000
895	0.772248	0	65	0.000000
896	0.772248	0	40	0.000000
897	0.772248	0	65	0.000000
898	0.772248	0	50	0.000000
899	0.772248	0	85	0.000000
900	0.771517	0	70	0.000000
901	0.772248	0	65	0.000000
902	0.771517	0	125	0.000000
903	0.771517	0	60	0.000000
904	0.771517	0	55	0.000000
905	0.771517	0	80	0.000000
906	0.771517	0	60	0.000000
907	0.771517	0	75	0.000000
908	0.771517	0	55	0.000000
909	0.771517	0	105	0.000000
910	0.771517	0	70	0.000000
911	0.771517	0	90	0.000000
912	0.771517	0	85	0.000000
913	0.771517	0	85	0.000000
914	0.772951	0	85	0.000000
915	0.772951	0	100	0.000000
916	0.772951	0	65	0.000000
917	0.772951	0	80	0.000000
918	0.772951	0	90	0.000000
919	0.771517	0	85	0.000000
920	0.771517	0	75	0.000000
921	0.778689	0	60	0.000000
922	0.771517	0	75	0.000000
923	0.771517	0	65	0.000000
924	0.771517	0	65	0.000000
925	0.771517	0	80	0.000000
926	0.771517	0	65	0.000000
927	0.771517	0	75	0.000000
928	0.771517	0	60	0.000000
929	0.771517	0	85	0.000000
930	0.771517	0	50	0.000000
931	0.771517	0	60	0.000000
932	0.771517	0	65	0.000000
933	0.771517	0	70	0.000000
934	0.771517	0	60	0.000000
935	0.771517	0	60	0.000000
936	0.771517	0	55	0.000000
937	0.771517	0	45	0.000000
938	0.771517	0	55	0.000000
939	0.772951	0	105	0.000000
940	0.772951	0	95	0.000000
941	0.772951	0	60	0.000000
942	0.772951	0	70	0.000000
943	0.771517	0	65	0.000000
944	0.771517	0	60	0.000000
945	0.771517	0	80	0.000000
946	0.771517	0	75	0.000000
947	0.771517	0	100	0.000000
948	0.771517	0	45	0.000000
949	0.771517	0	90	0.000000
950	0.771517	0	85	0.000000
951	0.771517	0	110	0.000000
952	0.771517	0	90	0.000000
953	0.771517	0	75	0.000000
954	0.771517	0	60	0.000000
955	0.771517	0	35	0.000000
956	0.771517	0	70	0.000000
957	0.771517	0	65	0.000000
958	0.771517	0	55	0.000000
959	0.771517	0	60	0.000000
960	0.771517	0	65	0.000000
961	0.771517	0	50	0.000000
962	0.771517	0	55	0.000000
963	0.771517	0	65	0.000000
964	0.771517	0	40	0.000000
965	0.771517	0	50	0.000000
966	0.771517	0	40	0.000000
967	0.771517	0	35	0.000000
968	0.771517	0	45	0.000000
969	0.771517	0	50	0.000000
970	0.771517	0	50	0.000000
971	0.771517	0	45	0.000000
972	0.771517	0	25	0.000000
973	0.771517	0	45	0.000000
974	0.771517	0	65	0.000000
975	0.771517	0	60	0.000000
976	0.771517	0	75	0.000000
977	0.771517	0	40	0.000000
978	0.771517	0	70	0.000000
979	0.771517	0	50	0.000000
980	0.771517	0	60	0.000000
981	0.771517	0	65	0.000000
982	0.771517	0	40	0.000000
983	0.771517	0	45	0.000000
984	0.771517	0	45	0.000000
985	0.771517	0	50	0.000000
986	0.771517	0	35	0.000000
987	0.771517	0	45	0.000000
988	0.771517	0	50	0.000000
989	0.771517	0	40	0.000000
990	0.771517	0	50	0.000000
991	0.771517	0	50	0.000000
992	0.771517	0	45	0.000000
993	0.772248	0	60	0.000000
994	0.772248	0	70	0.000000
995	0.772248	0	40	0.000000
996	0.772248	0	20	0.000000
997	0.772248	0	60	0.000000
998	0.772248	0	60	0.000000
999	0.772248	0	65	0.000000
1000	0.772248	0	55	0.000000
1001	0.772248	0	60	0.000000
1002	0.772248	0	65	0.000000
1003	0.772248	0	75	0.000000
1004	0.772248	0	65	0.000000
1005	0.772248	0	45	0.000000
1006	0.772248	0	25	0.000000
1007	0.772248	0	55	0.000000
1008	0.772248	0	65	0.000000
1009	0.772248	0	55	0.000000
1010	0.772248	0	70	0.000000
1011	0.772248	0	50	0.000000
1012	0.772248	0	70	0.000000
1013	0.772248	0	65	0.000000
1014	0.772248	0	60	0.000000
1015	0.772248	0	55	0.000000
1016	0.772248	0	25	0.000000
1017	0.772248	0	65	0.000000
1018	0.772248	0	55	0.000000
1019	0.772248	0	50	0.000000
1020	0.772248	0	40	0.000000
1021	0.772248	0	80	0.000000
1022	0.772248	0	50	0.000000
1023	0.772248	0	85	0.000000
1024	0.772248	0	30	0.000000
1025	0.772248	0	75	0.000000
1026	0.772248	0	60	0.000000
1027	0.772248	0	45	0.000000
1028	0.772248	0	65	0.000000
1029	0.772248	0	90	0.000000
1030	0.772248	0	75	0.000000
1031	0.772248	0	65	0.000000
1032	0.772248	0	70	0.000000
1033	0.772248	0	65	0.000000
1034	0.772248	0	55	0.000000
1035	0.772248	0	60	0.000000
1036	0.772248	0	60	0.000000
1037	0.772248	0	55	0.000000
1038	0.772248	0	60	0.000000
1039	0.772248	0	75	0.000000
1040	0.772248	0	70	0.000000
1041	0.772248	0	60	0.000000
1042	0.772248	0	40	0.000000
1043	0.772248	0	70	0.000000
1044	0.772248	0	70	0.000000
1045	0.772248	0	45	0.000000
1046	0.772248	0	45	0.000000
1047	0.772248	0	35	0.000000
1048	0.772248	0	30	0.000000
1049	0.772248	0	45	0.000000
1050	0.772248	0	50	0.000000
1051	0.772248	0	60	0.000000
1052	0.772248	0	60	0.000000
1053	0.772248	0	55	0.000000
1054	0.772248	0	35	0.000000
1055	0.772248	0	65	0.000000
1056	0.772248	0	45	0.000000
1057	0.772248	0	55	0.000000
1058	0.772248	0	60	0.000000
1059	0.772248	0	40	0.000000
1060	0.772248	0	35	0.000000
1061	0.778689	0	60	0.000000
1062	0.778689	0	65	0.000000
1063	0.778689	0	45	0.000000
1064	0.778689	0	55	0.000000
1065	0.778689	0	40	0.000000
1066	0.778689	0	45	0.000000
1067	0.778689	0	35	0.000000
1068	0.778689	0	30	0.000000
1069	0.778689	0	65	0.000000
1070	0.778689	0	45	0.000000
1071	0.778689	0	50	0.000000
1072	0.778689	0	30	0.000000
1073	0.778689	0	25	0.000000
1074	0.778689	0	55	0.000000
1075	0.778689	0	35	0.000000
1076	0.778689	0	45	0.000000
1077	0.778689	0	50	0.000000
1078	0.778689	0	45	0.000000
1079	0.778689	0	65	0.000000
1080	0.778689	0	45	0.000000
1081	0.778689	0	70	0.000000
1082	0.778689	0	65	0.000000
1083	0.778689	0	45	0.000000
1084	0.778689	0	55	0.000000
1085	0.778689	0	60	0.000000
1086	0.778689	0	55	0.000000
1087	0.882904	0	45	0.000000
1088	0.882904	0	30	0.000000
1089	0.882904	0	40	0.000000
1090	0.889344	0	70	0.000000
1091	0.882904	0	60	0.000000
1092	0.882904	0	65	0.000000
1093	0.882904	0	50	0.000000
1094	0.882904	0	40	0.000000
1095	0.882904	0	55	0.000000
1096	0.882904	0	50	0.000000
1097	0.882904	0	55	0.000000
1098	0.882904	0	50	0.000000
1099	0.882904	0	35	0.000000
1100	0.882904	0	45	0.000000
1101	0.882904	0	15	0.000000
1102	0.882904	0	40	0.000000
1103	0.882904	0	45	0.000000
1104	0.882904	0	45	0.000000
1105	0.882904	0	50	0.000000
1106	0.882904	0	25	0.000000
1107	0.882904	0	60	0.000000
1108	0.882904	0	45	0.000000
1109	0.882904	0	45	0.000000
1110	0.882904	0	50	0.000000
1111	0.882904	0	35	0.000000
1112	0.882904	0	75	0.000000
1113	0.882904	0	55	0.000000
1114	0.882904	0	45	0.000000
1115	0.882904	0	55	0.000000
1116	0.882904	0	55	0.000000
1117	0.882904	0	55	0.000000
1118	0.882904	0	50	0.000000
1119	0.882904	0	55	0.000000
1120	0.882904	0	75	0.000000
1121	0.882904	0	80	0.000000
1122	0.882904	0	35	0.000000
1123	0.882904	0	35	0.000000
1124	0.882904	0	70	0.000000
1125	0.882904	0	45	0.000000
1126	0.882904	0	70	0.000000
1127	0.882904	0	45	0.000000
1128	0.882904	0	35	0.000000
1129	0.882904	0	35	0.000000
1130	0.882904	0	35	0.000000
1131	0.882904	0	45	0.000000
1132	0.882904	0	70	0.000000
1133	0.882904	0	50	0.000000
1134	0.882904	0	55	0.000000
1135	0.882904	0	45	0.000000
1136	0.882904	0	30	0.000000
1137	0.882904	0	55	0.000000
1138	0.882904	0	30	0.000000
1139	0.882904	0	55	0.000000
1140	0.882904	0	65	0.000000
1141	0.882904	0	50	0.000000
1142	0.882904	0	40	0.000000
1143	0.882904	0	15	0.000000
1144	0.882904	0	45	0.000000
1145	0.882904	0	45	0.000000
1146	0.882904	0	50	0.000000
1147	0.882904	0	65	0.000000
1148	0.882904	0	55	0.000000
1149	0.882904	0	75	0.000000
1150	0.882904	0	45	0.000000
1151	0.882904	0	40	0.000000
1152	0.882904	0	25	0.000000
1153	0.882904	0	50	0.000000
1154	0.882904	0	40	0.000000
1155	0.882904	0	15	0.000000
1156	0.882904	0	60	0.000000
1157	0.882904	0	35	0.000000
1158	0.882904	0	45	0.000000
1159	0.882904	0	40	0.000000
1160	0.882904	0	30	0.000000
1161	0.882904	0	45	0.000000
1162	0.882904	0	40	0.000000
1163	0.882904	0	20	0.000000
1164	0.882904	0	45	0.000000
1165	0.882904	0	30	0.000000
1166	0.882904	0	30	0.000000
1167	0.882904	0	40	0.000000
1168	0.882904	0	35	0.000000
1169	0.882904	0	40	0.000000
1170	0.882904	0	45	0.000000
1171	0.882904	0	25	0.000000
1172	0.882904	0	25	0.000000
1173	0.882904	0	30	0.000000
1174	0.882904	0	20	0.000000
1175	0.882904	0	25	0.000000
1176	0.882904	0	35	0.000000
1177	0.882904	0	45	0.000000
1178	0.882904	0	55	0.000000
1179	0.882904	0	50	0.000000
1180	0.882904	0	20	0.000000
1181	0.882904	0	50	0.000000
1182	0.882904	0	35	0.000000
1183	0.882904	0	35	0.000000
1184	0.882904	0	25	0.000000
1185	0.882904	0	35	0.000000
1186	0.882904	0	35	0.000000
1187	0.882904	0	20	0.000000
1188	0.882904	0	20	0.000000
1189	0.882904	0	35	0.000000
1190	0.882904	0	15	0.000000
1191	0.882904	0	40	0.000000
1192	0.882904	0	25	0.000000
1193	0.882904	0	15	0.000000
1194	0.882904	0	50	0.000000
1195	0.882904	0	35	0.000000
1196	0.882904	0	50	0.000000
1197	0.882904	0	25	0.000000
1198	0.882904	0	45	0.000000
1199	0.882904	0	35	0.000000
1200	0.882904	0	15	0.000000
1201	0.882904	0	25	0.000000
1202	0.882904	0	40	0.000000
1203	0.882904	0	30	0.000000
1204	0.882904	0	30	0.000000
1205	0.882904	0	45	0.000000
1206	0.882904	0	40	0.000000
1207	0.882904	0	35	0.000000
1208	0.882904	0	50	0.000000
1209	0.882904	0	30	0.000000
1210	0.882904	0	25	0.000000
1211	0.882904	0	15	0.000000
1212	0.882904	0	15	0.000000
1213	0.882904	0	15	0.000000
1214	0.882904	0	30	0.000000
1215	0.882904	0	25	0.000000
1216	0.882904	0	15	0.000000
1217	0.882904	0	45	0.000000
1218	0.882904	0	45	0.000000
1219	0.882904	0	35	0.000000
1220	0.882904	0	30	0.000000
1221	0.882904	0	30	0.000000
1222	0.882904	0	15	0.000000
1223	0.882904	0	30	0.000000
1224	0.882904	0	30	0.000000
1225	0.882904	0	40	0.000000
1226	0.882904	0	20	0.000000
1227	0.882904	0	15	0.000000
1228	0.882904	0	30	0.000000
1229	0.882904	0	20	0.000000
1230	0.882904	0	25	0.000000
1231	0.882904	0	25	0.000000
1232	0.882904	0	25	0.000000
1233	0.882904	0	35	0.000000
1234	0.882904	0	15	0.000000
1235	0.882904	0	10	0.000000
1236	0.882904	0	10	0.000000
1237	0.882904	0	15	0.000000
1238	0.882904	0	15	0.000000
1239	0.882904	0	35	0.000000
1240	0.882904	0	30	0.000000
1241	0.882904	0	30	0.000000
1242	0.882904	0	15	0.000000
1243	0.882904	0	40	0.000000
1244	0.882904	0	45	0.000000
1245	0.882904	0	30	0.000000
1246	0.882904	0	40	0.000000
1247	0.882904	0	20	0.000000
1248	0.882904	0	35	0.000000
1249	0.882904	0	35	0.000000
1250	0.882904	0	50	0.000000
1251	0.882904	0	30	0.000000
1252	0.882904	0	30	0.000000
1253	0.882904	0	25	0.000000
1254	0.882904	0	35	0.000000
1255	0.882904	0	20	0.000000
1256	0.882904	0	20	0.000000
1257	0.882904	0	45	0.000000
1258	0.882904	0	45	0.000000
1259	0.882904	0	50	0.000000
1260	0.882904	0	35	0.000000
1261	0.882904	0	35	0.000000
1262	0.882904	0	35	0.000000
1263	0.882904	0	65	0.000000
1264	0.882904	0	35	0.000000
1265	0.882904	0	25	0.000000
1266	0.882904	0	55	0.000000
1267	0.882904	0	20	0.000000
1268	0.882904	0	35	0.000000
1269	0.882904	0	50	0.000000
1270	0.882904	0	20	0.000000
1271	0.882904	0	30	0.000000
1272	0.882904	0	15	0.000000
1273	0.882904	0	20	0.000000
1274	0.882904	0	15	0.000000
1275	0.882904	0	30	0.000000
1276	0.882904	0	25	0.000000
1277	0.882904	0	20	0.000000
1278	0.882904	0	20	0.000000
1279	0.882904	0	5	0.000000
1280	0.882904	0	15	0.000000
1281	0.882904	0	10	0.000000
1282	0.882904	0	5	0.000000
1283	0.882904	0	20	0.000000
1284	0.882904	0	15	0.000000
1285	0.882904	0	20	0.000000
1286	0.882904	0	15	0.000000
1287	0.882904	0	15	0.000000
1288	0.882904	0	35	0.000000
1289	0.882904	0	45	0.000000
1290	0.882904	0	45	0.000000
1291	0.882904	0	45	0.000000
1292	0.882904	0	55	0.000000
1293	0.882904	0	35	0.000000
1294	0.882904	0	25	0.000000
1295	0.882904	0	45	0.000000
1296	0.882904	0	25	0.000000
1297	0.882904	0	40	0.000000
1298	0.882904	0	10	0.000000
1299	0.882904	0	35	0.000000
1300	0.882904	0	30	0.000000
1301	0.882904	0	25	0.000000
1302	0.882904	0	40	0.000000
1303	0.882904	0	35	0.000000
1304	0.882904	0	5	0.000000
1305	0.882904	0	55	0.000000
1306	0.882904	0	25	0.000000
1307	0.882904	0	25	0.000000
1308	0.882904	0	10	0.000000
1309	0.882904	0	25	0.000000
1310	0.882904	0	25	0.000000
1311	0.882904	0	25	0.000000
1312	0.882904	0	25	0.000000
1313	0.882904	0	10	0.000000
1314	0.882904	0	30	0.000000
1315	0.882904	0	25	0.000000
1316	0.882904	0	25	0.000000
1317	0.882904	0	25	0.000000
1318	0.882904	0	20	0.000000
1319	0.882904	0	25	0.000000
1320	0.882904	0	35	0.000000
1321	0.882904	0	20	0.000000
1322	0.882904	0	25	0.000000
1323	0.882904	0	25	0.000000
1324	0.882904	0	20	0.000000
1325	0.882904	0	15	0.000000
1326	0.882904	0	35	0.000000
1327	0.882904	0	35	0.000000
1328	0.882904	0	15	0.000000
1329	0.882904	0	15	0.000000
1330	0.882904	0	20	0.000000
1331	0.882904	0	25	0.000000
1332	0.882904	0	35	0.000000
1333	0.882904	0	35	0.000000
1334	0.882904	0	50	0.000000
1335	0.882904	0	50	0.000000
1336	0.882904	0	35	0.000000
1337	0.882904	0	20	0.000000
1338	0.882904	0	30	0.000000
1339	0.882904	0	25	0.000000
1340	0.882904	0	20	0.000000
1341	0.882904	0	15	0.000000
1342	0.882904	0	35	0.000000
1343	0.882904	0	30	0.000000
1344	0.882904	0	20	0.000000
1345	0.882904	0	30	0.000000
1346	0.882904	0	30	0.000000
1347	0.882904	0	30	0.000000
1348	0.882904	0	5	0.000000
1349	0.882904	0	30	0.000000
1350	0.882904	0	25	0.000000
1351	0.882904	0	25	0.000000
1352	0.882904	0	30	0.000000
1353	0.882904	0	25	0.000000
1354	0.882904	0	35	0.000000
1355	0.882904	0	15	0.000000
1356	0.882904	0	20	0.000000
1357	0.882904	0	35	0.000000
1358	0.882904	0	30	0.000000
1359	1.000000	0	45	0.000000
1360	1.000000	0	45	0.000000
1361	1.000000	0	45	0.000000
1362	1.000000	0	20	0.000000
1363	1.000000	0	30	0.000000
1364	1.000000	0	30	0.000000
1365	1.000000	0	25	0.000000
1366	1.000000	0	25	0.000000
1367	1.000000	0	40	0.000000
1368	1.000000	0	25	0.000000
1369	1.000000	0	25	0.000000
1370	1.000000	0	10	0.000000
1371	1.000000	0	25	0.000000
1372	1.000000	0	30	0.000000
1373	1.000000	0	40	0.000000
1374	1.000000	0	30	0.000000
1375	1.000000	0	55	0.000000
1376	1.000000	0	30	0.000000
1377	1.000000	0	20	0.000000
1378	1.000000	0	35	0.000000
1379	1.000000	0	15	0.000000
1380	1.000000	0	15	0.000000
1381	1.000000	0	20	0.000000
1382	1.000000	0	20	0.000000
1383	1.000000	0	5	0.000000
1384	1.000000	0	10	0.000000
1385	1.000000	0	5	0.000000
1386	1.000000	0	25	0.000000
1387	1.000000	0	25	0.000000
1388	1.000000	0	35	0.000000
1389	1.000000	0	35	0.000000
1390	1.000000	0	20	0.000000
1391	1.000000	0	35	0.000000
1392	1.000000	0	30	0.000000
1393	1.000000	0	25	0.000000
1394	1.000000	0	20	0.000000
1395	1.000000	0	15	0.000000
1396	1.000000	0	20	0.000000
1397	1.000000	0	10	0.000000
1398	1.000000	0	30	0.000000
1399	1.000000	0	25	0.000000
1400	1.000000	0	10	0.000000
1401	1.000000	0	15	0.000000
1402	1.000000	0	5	0.000000
1403	1.000000	0	25	0.000000
1404	1.000000	0	30	0.000000
1405	1.000000	0	25	0.000000
1406	1.000000	0	30	0.000000
1407	1.000000	0	25	0.000000
1408	1.000000	0	20	0.000000
1409	1.000000	0	30	0.000000
1410	1.000000	0	20	0.000000
1411	1.000000	0	40	0.000000
1412	1.000000	0	35	0.000000
1413	1.000000	0	25	0.000000
1414	1.000000	0	40	0.000000
1415	1.000000	0	25	0.000000
1416	1.000000	0	40	0.000000
1417	1.000000	0	35	0.000000
1418	1.000000	0	25	0.000000
1419	1.000000	0	25	0.000000
1420	1.000000	0	15	0.000000
1421	1.000000	0	20	0.000000
1422	1.000000	0	25	0.000000
1423	1.000000	0	25	0.000000
1424	1.000000	0	25	0.000000
1425	1.000000	0	25	0.000000
1426	1.000000	0	5	0.000000
1427	1.000000	0	25	0.000000
1428	1.000000	0	25	0.000000
1429	1.000000	0	30	0.000000
1430	1.000000	0	10	0.000000
1431	1.000000	0	20	0.000000
1432	1.000000	0	10	0.000000
1433	1.000000	0	15	0.000000
1434	1.000000	0	15	0.000000
1435	1.000000	0	30	0.000000
1436	1.000000	0	10	0.000000
1437	1.000000	0	20	0.000000
1438	1.000000	0	5	0.000000
1439	1.000000	0	20	0.000000
1440	1.000000	0	25	0.000000
1441	1.000000	0	30	0.000000
1442	1.000000	0	25	0.000000
1443	1.000000	0	25	0.000000
1444	1.000000	0	30	0.000000
1445	1.000000	0	35	0.000000
1446	1.000000	0	25	0.000000
1447	1.000000	0	45	0.000000
1448	1.000000	0	15	0.000000
1449	1.000000	0	30	0.000000
1450	1.000000	0	15	0.000000
1451	1.000000	0	15	0.000000
1452	1.000000	0	15	0.000000
1453	1.000000	0	10	0.000000
1454	1.000000	0	15	0.000000
1455	1.000000	0	30	0.000000
1456	1.000000	0	10	0.000000
1457	1.000000	0	30	0.000000
1458	1.000000	0	25	0.000000
1459	1.000000	0	15	0.000000
1460	1.000000	0	15	0.000000
1461	1.000000	0	25	0.000000
1462	1.000000	0	25	0.000000
1463	1.000000	0	40	0.000000
1464	1.000000	0	35	0.000000
1465	1.000000	0	35	0.000000
1466	1.000000	0	30	0.000000
1467	1.000000	0	25	0.000000
1468	1.000000	0	20	0.000000
1469	1.000000	0	25	0.000000
1470	1.000000	0	30	0.000000
1471	1.000000	0	30	0.000000
1472	1.000000	0	10	0.000000
1473	1.000000	0	10	0.000000
1474	1.000000	0	40	0.000000
1475	1.000000	0	20	0.000000
1476	1.000000	0	15	0.000000
1477	1.000000	0	35	0.000000
1478	1.000000	0	25	0.000000
1479	1.000000	0	25	0.000000
1480	1.000000	0	35	0.000000
1481	1.000000	0	25	0.000000
1482	1.000000	0	35	0.000000
1483	1.000000	0	30	0.000000
1484	1.000000	0	25	0.000000
1485	1.000000	0	25	0.000000
1486	1.000000	0	15	0.000000
1487	1.000000	0	25	0.000000
1488	1.000000	0	15	0.000000
1489	1.000000	0	15	0.000000
1490	1.000000	0	10	0.000000
1491	1.000000	0	10	0.000000
1492	1.000000	0	20	0.000000
1493	1.000000	0	30	0.000000
1494	1.000000	0	40	0.000000
1495	1.000000	0	15	0.000000
1496	1.000000	0	25	0.000000
1497	1.000000	0	20	0.000000
1498	1.000000	0	10	0.000000
1499	1.000000	0	15	0.000000
1500	1.000000	0	5	0.000000
1501	1.000000	0	30	0.000000
1502	1.000000	0	20	0.000000
1503	1.000000	0	20	0.000000
1504	1.000000	0	20	0.000000
1505	1.000000	0	25	0.000000
1506	1.000000	0	15	0.000000
1507	1.000000	0	15	0.000000
1508	1.000000	0	10	0.000000
1509	1.000000	0	15	0.000000
1510	1.000000	0	10	0.000000
1511	1.000000	0	10	0.000000
1512	1.000000	0	10	0.000000
1513	1.000000	0	15	0.000000
1514	1.000000	0	10	0.000000
1515	1.000000	0	15	0.000000
1516	1.000000	0	20	0.000000
1517	1.000000	0	5	0.000000
1518	1.000000	0	20	0.000000
1519	1.000000	0	15	0.000000
1520	1.000000	0	15	0.000000
1521	1.000000	0	15	0.000000
1522	1.000000	0	10	0.000000
1523	1.000000	0	25	0.000000
1524	1.000000	0	5	0.000000
1525	1.000000	0	5	0.000000
1526	1.000000	0	5	0.000000
1527	1.000000	0	15	0.000000
1528	1.000000	0	20	0.000000
1529	1.000000	0	5	0.000000
1530	1.000000	0	30	0.000000
1531	1.000000	0	25	0.000000
1532	1.000000	0	20	0.000000
1533	1.000000	0	30	0.000000
1534	1.000000	0	10	0.000000
1535	1.000000	0	20	0.000000
1536	1.000000	0	30	0.000000
1537	1.000000	0	20	0.000000
1538	1.000000	0	30	0.000000
1539	1.000000	0	20	0.000000
1540	1.000000	0	10	0.000000
1541	1.000000	0	20	0.000000
1542	1.000000	0	10	0.000000
1543	1.000000	0	15	0.000000
1544	1.000000	0	15	0.000000
1545	1.000000	0	10	0.000000
1546	1.000000	0	5	0.000000
1547	1.000000	0	5	0.000000
1548	1.000000	0	10	0.000000
1549	1.000000	0	10	0.000000
1550	1.000000	0	15	0.000000
1551	1.000000	0	15	0.000000
1552	1.000000	0	30	0.000000
1553	1.000000	0	10	0.000000
1554	1.000000	0	15	0.000000
1555	1.000000	0	0	0.000000
1556	1.000000	0	20	0.000000
1557	1.000000	0	20	0.000000
1558	1.000000	0	15	0.000000
1559	1.000000	0	10	0.000000
1560	1.000000	0	15	0.000000
1561	1.000000	0	15	0.000000
1562	1.000000	0	5	0.000000
1563	1.000000	0	5	0.000000
1564	1.000000	0	10	0.000000
1565	1.000000	0	10	0.000000
1566	1.000000	0	10	0.000000
1567	1.000000	0	0	0.000000
1568	1.000000	0	0	0.000000
1569	1.000000	0	15	0.000000
1570	1.000000	0	20	0.000000
1571	1.000000	0	20	0.000000
1572	1.000000	0	5	0.000000
1573	1.000000	0	20	0.000000
1574	1.000000	0	10	0.000000
1575	1.000000	0	10	0.000000
1576	1.000000	0	15	0.000000
1577	1.000000	0	10	0.000000
1578	1.000000	0	10	0.000000
1579	1.000000	0	0	0.000000
1580	1.000000	0	20	0.000000
1581	1.000000	0	5	0.000000
1582	1.000000	0	15	0.000000
1583	1.000000	0	20	0.000000
1584	1.000000	0	20	0.000000
1585	1.000000	0	15	0.000000
1586	1.000000	0	20	0.000000
1587	1.000000	0	20	0.000000
1588	1.000000	0	30	0.000000
1589	1.000000	0	10	0.000000
1590	1.000000	0	20	0.000000
1591	1.000000	0	15	0.000000
1592	1.000000	0	10	0.000000
1593	1.000000	0	5	0.000000
1594	1.000000	0	5	0.000000
1595	1.000000	0	15	0.000000
1596	1.000000	0	10	0.000000
1597	1.000000	0	10	0.000000
1598	1.000000	0	10	0.000000
1599	1.000000	0	10	0.000000
1600	1.000000	0	5	0.000000
1601	1.000000	0	15	0.000000
1602	1.000000	0	10	0.000000
1603	1.000000	0	15	0.000000
1604	1.000000	0	20	0.000000
1605	1.000000	0	10	0.000000
1606	1.000000	0	10	0.000000
1607	1.000000	0	10	0.000000
1608	1.000000	0	10	0.000000
1609	1.000000	0	0	0.000000
1610	1.000000	0	5	0.000000
1611	1.000000	0	15	0.000000
1612	1.000000	0	0	0.000000
1613	1.000000	0	5	0.000000
1614	1.000000	0	10	0.000000
1615	1.000000	0	10	0.000000
1616	1.000000	0	20	0.000000
1617	1.000000	0	5	0.000000
1618	1.000000	0	20	0.000000
1619	1.000000	0	5	0.000000
1620	1.000000	0	20	0.000000
1621	1.000000	0	15	0.000000
1622	1.000000	0	5	0.000000
1623	1.000000	0	5	0.000000
1624	1.000000	0	15	0.000000
1625	1.000000	0	20	0.000000
1626	1.000000	0	20	0.000000
1627	1.000000	0	25	0.000000
1628	1.000000	0	5	0.000000
1629	1.000000	0	15	0.000000
1630	1.000000	0	20	0.000000
1631	1.000000	0	15	0.000000
1632	1.000000	0	15	0.000000
1633	1.000000	0	10	0.000000
1634	1.000000	0	15	0.000000
1635	1.000000	0	10	0.000000
1636	1.000000	0	10	0.000000
1637	1.000000	0	10	0.000000
1638	1.000000	0	20	0.000000
1639	1.000000	0	15	0.000000
1640	1.000000	0	25	0.000000
1641	1.000000	0	15	0.000000
1642	1.000000	0	10	0.000000
1643	1.000000	0	15	0.000000
1644	1.000000	0	5	0.000000
1645	1.000000	0	10	0.000000
1646	1.000000	0	15	0.000000
1647	1.000000	0	15	0.000000
1648	1.000000	0	20	0.000000
1649	1.000000	0	25	0.000000
1650	1.000000	0	20	0.000000
1651	1.000000	0	10	0.000000
1652	1.000000	0	10	0.000000
1653	1.000000	0	20	0.000000
1654	1.000000	0	15	0.000000
1655	1.000000	0	5	0.000000
1656	1.000000	0	15	0.000000
1657	1.000000	0	10	0.000000
1658	1.000000	0	20	0.000000
1659	1.000000	0	10	0.000000
1660	1.000000	0	15	0.000000
1661	1.000000	0	5	0.000000
1662	1.000000	0	20	0.000000
1663	1.000000	0	10	0.000000
1664	1.000000	0	15	0.000000
1665	1.000000	0	5	0.000000
1666	1.000000	0	10	0.000000
1667	1.000000	0	0	0.000000
1668	1.000000	0	15	0.000000
1669	1.000000	0	25	0.000000
1670	1.000000	0	20	0.000000
1671	1.000000	0	10	0.000000
1672	1.000000	0	0	0.000000
1673	1.000000	0	5	0.000000
1674	1.000000	0	5	0.000000
1675	1.000000	0	15	0.000000
1676	1.000000	0	0	0.000000
1677	1.000000	0	5	0.000000
1678	1.000000	0	5	0.000000
1679	1.000000	0	10	0.000000
1680	1.000000	0	15	0.000000
1681	1.000000	0	5	0.000000
1682	1.000000	0	0	0.000000
1683	1.000000	0	0	0.000000
1684	1.000000	0	5	0.000000
1685	1.000000	0	0	0.000000
1686	1.000000	0	5	0.000000
1687	1.000000	0	15	0.000000
1688	1.000000	0	10	0.000000
1689	1.000000	0	5	0.000000
1690	1.000000	0	5	0.000000
1691	1.000000	0	10	0.000000
1692	1.000000	0	5	0.000000
1693	1.000000	0	10	0.000000
1694	1.000000	0	5	0.000000
1695	1.000000	0	20	0.000000
1696	1.000000	0	15	0.000000
1697	1.000000	0	15	0.000000
1698	1.000000	0	5	0.000000
1699	1.000000	0	10	0.000000
1700	1.000000	0	15	0.000000
1701	1.000000	0	5	0.000000
1702	1.000000	0	0	0.000000
1703	1.000000	0	10	0.000000
1704	1.000000	0	15	0.000000
1705	1.000000	0	5	0.000000
1706	1.000000	0	20	0.000000
1707	1.000000	0	10	0.000000
1708	1.000000	0	5	0.000000
1709	1.000000	0	5	0.000000
1710	1.000000	0	5	0.000000
1711	1.000000	0	15	0.000000
1712	1.000000	0	5	0.000000
1713	1.000000	0	5	0.000000
1714	1.000000	0	10	0.000000
1715	1.000000	0	10	0.000000
1716	1.000000	0	10	0.000000
1717	1.000000	0	5	0.000000
1718	1.000000	0	20	0.000000
1719	1.000000	0	10	0.000000
1720	1.000000	0	20	0.000000
1721	1.000000	0	10	0.000000
1722	1.000000	0	15	0.000000
1723	1.000000	0	10	0.000000
1724	1.000000	0	0	0.000000
1725	1.000000	0	10	0.000000
1726	1.000000	0	5	0.000000
1727	1.000000	0	15	0.000000
1728	1.000000	0	10	0.000000
1729	1.000000	0	25	0.000000
1730	1.000000	0	5	0.000000
1731	1.000000	0	10	0.000000
1732	1.000000	0	5	0.000000
1733	1.000000	0	15	0.000000
1734	1.000000	0	0	0.000000
1735	1.000000	0	5	0.000000
1736	1.000000	0	15	0.000000
1737	1.000000	0	5	0.000000
1738	1.000000	0	10	0.000000
1739	1.000000	0	10	0.000000
1740	1.000000	0	15	0.000000
1741	1.000000	0	15	0.000000
1742	1.000000	0	10	0.000000
1743	1.000000	0	10	0.000000
1744	1.000000	0	15	0.000000
1745	1.000000	0	10	0.000000
1746	1.000000	0	10	0.000000
1747	1.000000	0	10	0.000000
1748	1.000000	0	5	0.000000
1749	1.000000	0	15	0.000000
1750	1.000000	0	15	0.000000
1751	1.000000	0	15	0.000000
1752	1.000000	0	10	0.000000
1753	1.000000	0	20	0.000000
1754	1.000000	0	15	0.000000
1755	1.000000	0	10	0.000000
1756	1.000000	0	20	0.000000
1757	1.000000	0	10	0.000000
1758	1.000000	0	20	0.000000
1759	1.000000	0	20	0.000000
1760	1.000000	0	5	0.000000
1761	1.000000	0	10	0.000000
1762	1.000000	0	5	0.000000
1763	1.000000	0	10	0.000000
1764	1.000000	0	20	0.000000
1765	1.000000	0	5	0.000000
1766	1.000000	0	10	0.000000
1767	1.000000	0	10	0.000000
1768	1.000000	0	10	0.000000
1769	1.000000	0	5	0.000000
1770	1.000000	0	10	0.000000
1771	1.000000	0	5	0.000000
1772	1.000000	0	10	0.000000
1773	1.000000	0	15	0.000000
1774	1.000000	0	5	0.000000
1775	1.000000	0	20	0.000000
1776	1.000000	0	10	0.000000
1777	1.000000	0	10	0.000000
1778	1.000000	0	10	0.000000
1779	1.000000	0	5	0.000000
1780	1.000000	0	10	0.000000
1781	1.000000	0	5	0.000000
1782	1.000000	0	5	0.000000
1783	1.000000	0	20	0.000000
1784	1.000000	0	15	0.000000
1785	1.000000	0	10	0.000000
1786	1.000000	0	15	0.000000
1787	1.000000	0	15	0.000000
1788	1.000000	0	5	0.000000
1789	1.000000	0	15	0.000000
1790	1.000000	0	5	0.000000
1791	1.000000	0	10	0.000000
1792	1.000000	0	20	0.000000
1793	1.000000	0	10	0.000000
1794	1.000000	0	10	0.000000
1795	1.000000	0	10	0.000000
1796	1.000000	0	10	0.000000
1797	1.000000	0	15	0.000000
1798	1.000000	0	15	0.000000
1799	1.000000	0	15	0.000000
1800	1.000000	0	15	0.000000
1801	1.000000	0	30	0.000000
1802	1.000000	0	10	0.000000
1803	1.000000	0	0	0.000000
1804	1.000000	0	10	0.000000
1805	1.000000	0	15	0.000000
1806	1.000000	0	5	0.000000
1807	1.000000	0	10	0.000000
1808	1.000000	0	5	0.000000
1809	1.000000	0	5	0.000000
1810	1.000000	0	10	0.000000
1811	1.000000	0	10	0.000000
1812	1.000000	0	15	0.000000
1813	1.000000	0	5	0.000000
1814	1.000000	0	10	0.000000
1815	1.000000	0	10	0.000000
1816	1.000000	0	10	0.000000
1817	1.000000	0	25	0.000000
1818	1.000000	0	15	0.000000
1819	1.000000	0	15	0.000000
1820	1.000000	0	10	0.000000
1821	1.000000	0	5	0.000000
1822	1.000000	0	15	0.000000
1823	1.000000	0	15	0.000000
1824	1.000000	0	15	0.000000
1825	1.000000	0	15	0.000000
1826	1.000000	0	15	0.000000
1827	1.000000	0	15	0.000000
1828	1.000000	0	15	0.000000
1829	1.000000	0	15	0.000000
1830	1.000000	0	20	0.000000
1831	1.000000	0	10	0.000000
1832	1.000000	0	15	0.000000
1833	1.000000	0	15	0.000000
1834	1.000000	0	15	0.000000
1835	1.000000	0	20	0.000000
1836	1.000000	0	20	0.000000
1837	1.000000	0	15	0.000000
1838	1.000000	0	5	0.000000
1839	1.000000	0	15	0.000000
1840	1.000000	0	15	0.000000
1841	1.000000	0	20	0.000000
1842	1.000000	0	10	0.000000
1843	1.000000	0	20	0.000000
1844	1.000000	0	15	0.000000
1845	1.000000	0	25	0.000000
1846	1.000000	0	10	0.000000
1847	1.000000	0	25	0.000000
1848	1.000000	0	10	0.000000
1849	1.000000	0	15	0.000000
1850	1.000000	0	20	0.000000
1851	1.000000	0	15	0.000000
1852	1.000000	0	10	0.000000
1853	1.000000	0	10	0.000000
1854	1.000000	0	10	0.000000
1855	1.000000	0	5	0.000000
1856	1.000000	0	10	0.000000
1857	1.000000	0	5	0.000000
1858	1.000000	0	5	0.000000
