0	0.158226	0	0	0.000000
1	0.157655	0	480	0.000000
2	0.275576	0	480	0.000000
3	0.275254	0	470	0.000000
4	0.157426	0	455	0.000000
5	0.158738	0	465	0.000000
6	0.163559	0	465	0.000000
7	0.162529	0	475	0.000000
8	0.159314	0	485	0.000000
9	0.162529	0	445	0.000000
10	0.164578	0	455	0.000000
11	0.163129	0	465	0.000000
12	0.159314	0	440	0.000000
13	0.159314	0	475	0.000000
14	0.168999	0	455	0.000000
15	0.159675	0	445	0.000000
16	0.157114	0	455	0.000000
17	0.158860	0	465	0.000000
18	0.157011	0	455	0.000000
19	0.157748	0	455	0.000000
20	0.158485	0	470	0.000000
21	0.158621	0	455	0.000000
22	0.164169	0	450	0.000000
23	0.159704	0	475	0.000000
24	0.157011	0	470	0.000000
25	0.157099	0	475	0.000000
26	0.158392	0	480	0.000000
27	0.157509	0	475	0.000000
28	0.158416	0	470	0.000000
29	0.159543	0	465	0.000000
30	0.159543	0	455	0.000000
31	0.159675	0	475	0.000000
32	0.159065	0	430	0.000000
33	0.168096	0	460	0.000000
34	0.163773	0	470	0.000000
35	0.159265	0	470	0.000000
36	0.160187	0	485	0.000000
37	0.158973	0	455	0.000000
38	0.158651	0	420	0.000000
39	0.161754	0	450	0.000000
40	0.161754	0	475	0.000000
41	0.158651	0	440	0.000000
42	0.159031	0	465	0.000000
43	0.158870	0	455	0.000000
44	0.161636	0	465	0.000000
45	0.159265	0	445	0.000000
46	0.158519	0	455	0.000000
47	0.277918	0	445	0.000000
48	0.159060	0	480	0.000000
49	0.160085	0	485	0.000000
50	0.160056	0	460	0.000000
51	0.159675	0	460	0.000000
52	0.160275	0	445	0.000000
53	0.161724	0	485	0.000000
54	0.161417	0	460	0.000000
55	0.160700	0	450	0.000000
56	0.160378	0	470	0.000000
57	0.163808	0	450	0.000000
58	0.163808	0	465	0.000000
59	0.162100	0	465	0.000000
60	0.278620	0	455	0.000000
61	0.276903	0	465	0.000000
62	0.160909	0	480	0.000000
63	0.158875	0	470	0.000000
64	0.160890	0	470	0.000000
65	0.157626	0	440	0.000000
66	0.160348	0	455	0.000000
67	0.163876	0	450	0.000000
68	0.157333	0	460	0.000000
69	0.157538	0	450	0.000000
70	0.165896	0	450	0.000000
71	0.159695	0	455	0.000000
72	0.159695	0	455	0.000000
73	0.160412	0	445	0.000000
74	0.161436	0	465	0.000000
75	0.159695	0	465	0.000000
76	0.159475	0	465	0.000000
77	0.163744	0	485	0.000000
78	0.160275	0	450	0.000000
79	0.159660	0	455	0.000000
80	0.160275	0	440	0.000000
81	0.164988	0	445	0.000000
82	0.161300	0	480	0.000000
83	0.158192	0	460	0.000000
84	0.161466	0	435	0.000000
85	0.161988	0	460	0.000000
86	0.160992	0	475	0.000000
87	0.159124	0	445	0.000000
88	0.161466	0	460	0.000000
89	0.161466	0	480	0.000000
90	0.161466	0	465	0.000000
91	0.161466	0	430	0.000000
92	0.161466	0	450	0.000000
93	0.161788	0	455	0.000000
94	0.161466	0	445	0.000000
95	0.161466	0	435	0.000000
96	0.161622	0	435	0.000000
97	0.161724	0	420	0.000000
98	0.161466	0	470	0.000000
99	0.159895	0	470	0.000000
100	0.161466	0	455	0.000000
101	0.162222	0	475	0.000000
102	0.161466	0	450	0.000000
103	0.160100	0	460	0.000000
104	0.160700	0	445	0.000000
105	0.158372	0	460	0.000000
106	0.163686	0	465	0.000000
107	0.159519	0	455	0.000000
108	0.161627	0	470	0.000000
109	0.156689	0	450	0.000000
110	0.157358	0	490	0.000000
111	0.162398	0	440	0.000000
112	0.160700	0	435	0.000000
113	0.161300	0	430	0.000000
114	0.162939	0	415	0.000000
115	0.162939	0	445	0.000000
116	0.162939	0	475	0.000000
117	0.162105	0	440	0.000000
118	0.162105	0	430	0.000000
119	0.164696	0	445	0.000000
120	0.162939	0	455	0.000000
121	0.162105	0	475	0.000000
122	0.164374	0	440	0.000000
123	0.163686	0	445	0.000000
124	0.166613	0	470	0.000000
125	0.160021	0	450	0.000000
126	0.158753	0	465	0.000000
127	0.158841	0	455	0.000000
128	0.158841	0	450	0.000000
129	0.165603	0	445	0.000000
130	0.158841	0	470	0.000000
131	0.160861	0	465	0.000000
132	0.166715	0	460	0.000000
133	0.160729	0	475	0.000000
134	0.159485	0	440	0.000000
135	0.159778	0	440	0.000000
136	0.160070	0	460	0.000000
137	0.163232	0	430	0.000000
138	0.157436	0	455	0.000000
139	0.162651	0	435	0.000000
140	0.158841	0	440	0.000000
141	0.157436	0	455	0.000000
142	0.164666	0	410	0.000000
143	0.164666	0	450	0.000000
144	0.158943	0	445	0.000000
145	0.168970	0	435	0.000000
146	0.159797	0	455	0.000000
147	0.161031	0	450	0.000000
148	0.156557	0	465	0.000000
149	0.161110	0	450	0.000000
150	0.159163	0	450	0.000000
151	0.165823	0	450	0.000000
152	0.159285	0	435	0.000000
153	0.275337	0	435	0.000000
154	0.159900	0	440	0.000000
155	0.166237	0	450	0.000000
156	0.159900	0	425	0.000000
157	0.159900	0	440	0.000000
158	0.159900	0	440	0.000000
159	0.159675	0	420	0.000000
160	0.159675	0	445	0.000000
161	0.159675	0	445	0.000000
162	0.159675	0	425	0.000000
163	0.160378	0	440	0.000000
164	0.160597	0	455	0.000000
165	0.167037	0	455	0.000000
166	0.164915	0	465	0.000000
167	0.160719	0	440	0.000000
168	0.160597	0	435	0.000000
169	0.161812	0	415	0.000000
170	0.276991	0	445	0.000000
171	0.160597	0	440	0.000000
172	0.161915	0	435	0.000000
173	0.163334	0	450	0.000000
174	0.160597	0	410	0.000000
175	0.161402	0	410	0.000000
176	0.162871	0	430	0.000000
177	0.161490	0	440	0.000000
178	0.161110	0	415	0.000000
179	0.161110	0	425	0.000000
180	0.162256	0	415	0.000000
181	0.161812	0	410	0.000000
182	0.161812	0	405	0.000000
183	0.162490	0	425	0.000000
184	0.161110	0	435	0.000000
185	0.161231	0	430	0.000000
186	0.161231	0	430	0.000000
187	0.161231	0	425	0.000000
188	0.162324	0	420	0.000000
189	0.162324	0	425	0.000000
190	0.277625	0	370	0.000000
191	0.277625	0	430	0.000000
192	0.277625	0	410	0.000000
193	0.277625	0	425	0.000000
194	0.277625	0	440	0.000000
195	0.277625	0	395	0.000000
196	0.277625	0	410	0.000000
197	0.277625	0	415	0.000000
198	0.277625	0	415	0.000000
199	0.277625	0	410	0.000000
200	0.276991	0	425	0.000000
201	0.276991	0	405	0.000000
202	0.276991	0	390	0.000000
203	0.276991	0	430	0.000000
204	0.276991	0	415	0.000000
205	0.276205	0	400	0.000000
206	0.165193	0	430	0.000000
207	0.276991	0	380	0.000000
208	0.276991	0	375	0.000000
209	0.276991	0	385	0.000000
210	0.165735	0	390	0.000000
211	0.165193	0	390	0.000000
212	0.165193	0	405	0.000000
213	0.165193	0	395	0.000000
214	0.165193	0	400	0.000000
215	0.165193	0	400	0.000000
216	0.165193	0	400	0.000000
217	0.165193	0	375	0.000000
218	0.165193	0	350	0.000000
219	0.165193	0	420	0.000000
220	0.165193	0	375	0.000000
221	0.165193	0	355	0.000000
222	0.165193	0	375	0.000000
223	0.165193	0	360	0.000000
224	0.165193	0	365	0.000000
225	0.167213	0	365	0.000000
226	0.166189	0	370	0.000000
227	0.165193	0	365	0.000000
228	0.165193	0	365	0.000000
229	0.165193	0	370	0.000000
230	0.165193	0	350	0.000000
231	0.165193	0	355	0.000000
232	0.165193	0	370	0.000000
233	0.166218	0	315	0.000000
234	0.166218	0	375	0.000000
235	0.167843	0	355	0.000000
236	0.167843	0	320	0.000000
237	0.167843	0	350	0.000000
238	0.167843	0	360	0.000000
239	0.167843	0	350	0.000000
240	0.167843	0	340	0.000000
241	0.167843	0	360	0.000000
242	0.167843	0	380	0.000000
243	0.168970	0	350	0.000000
244	0.167843	0	325	0.000000
245	0.167843	0	390	0.000000
246	0.167843	0	375	0.000000
247	0.172965	0	355	0.000000
248	0.277737	0	365	0.000000
249	0.277737	0	375	0.000000
250	0.277737	0	370	0.000000
251	0.277737	0	345	0.000000
252	0.277737	0	385	0.000000
253	0.279054	0	355	0.000000
254	0.279054	0	280	0.000000
255	0.279054	0	325	0.000000
256	0.279054	0	320	0.000000
257	0.279054	0	325	0.000000
258	0.279054	0	360	0.000000
259	0.279054	0	315	0.000000
260	0.279054	0	345	0.000000
261	0.279054	0	340	0.000000
262	0.279054	0	390	0.000000
263	0.279054	0	325	0.000000
264	0.279054	0	340	0.000000
265	0.279757	0	380	0.000000
266	0.279757	0	370	0.000000
267	0.281792	0	355	0.000000
268	0.279757	0	340	0.000000
269	0.285070	0	325	0.000000
270	0.285070	0	320	0.000000
271	0.285070	0	340	0.000000
272	0.285070	0	340	0.000000
273	0.285070	0	350	0.000000
274	0.285070	0	350	0.000000
275	0.285070	0	345	0.000000
276	0.285070	0	350	0.000000
277	0.285070	0	315	0.000000
278	0.285070	0	335	0.000000
279	0.285070	0	310	0.000000
280	0.285070	0	300	0.000000
281	0.285070	0	350	0.000000
282	0.285070	0	285	0.000000
283	0.285070	0	305	0.000000
284	0.285070	0	360	0.000000
285	0.285070	0	330	0.000000
286	0.285070	0	335	0.000000
287	0.285070	0	335	0.000000
288	0.288759	0	315	0.000000
289	0.288759	0	370	0.000000
290	0.287529	0	300	0.000000
291	0.287529	0	320	0.000000
292	0.287529	0	310	0.000000
293	0.287529	0	310	0.000000
294	0.287529	0	310	0.000000
295	0.287529	0	360	0.000000
296	0.287529	0	325	0.000000
297	0.287529	0	330	0.000000
298	0.287529	0	325	0.000000
299	0.287529	0	325	0.000000
300	0.287529	0	300	0.000000
301	0.287529	0	290	0.000000
302	0.287529	0	300	0.000000
303	0.292042	0	305	0.000000
304	0.292042	0	285	0.000000
305	0.292042	0	320	0.000000
306	0.295023	0	250	0.000000
307	0.295023	0	255	0.000000
308	0.295023	0	245	0.000000
309	0.291950	0	270	0.000000
310	0.293267	0	285	0.000000
311	0.296341	0	295	0.000000
312	0.296341	0	285	0.000000
313	0.296341	0	275	0.000000
314	0.296341	0	270	0.000000
315	0.296341	0	325	0.000000
316	0.296341	0	325	0.000000
317	0.296341	0	315	0.000000
318	0.296341	0	305	0.000000
319	0.296341	0	305	0.000000
320	0.296341	0	300	0.000000
321	0.296341	0	290	0.000000
322	0.296341	0	260	0.000000
323	0.296341	0	295	0.000000
324	0.296341	0	240	0.000000
325	0.296341	0	260	0.000000
326	0.296341	0	255	0.000000
327	0.296341	0	295	0.000000
328	0.296341	0	260	0.000000
329	0.296341	0	255	0.000000
330	0.296341	0	265	0.000000
331	0.296341	0	250	0.000000
332	0.294321	0	275	0.000000
333	0.294321	0	265	0.000000
334	0.294321	0	315	0.000000
335	0.294321	0	275	0.000000
336	0.294321	0	290	0.000000
337	0.294321	0	285	0.000000
338	0.294321	0	250	0.000000
339	0.295287	0	230	0.000000
340	0.295287	0	270	0.000000
341	0.295287	0	280	0.000000
342	0.295287	0	280	0.000000
343	0.295287	0	270	0.000000
344	0.295287	0	290	0.000000
345	0.294321	0	290	0.000000
346	0.294321	0	260	0.000000
347	0.294321	0	245	0.000000
348	0.294321	0	260	0.000000
349	0.294321	0	265	0.000000
350	0.294321	0	230	0.000000
351	0.294321	0	230	0.000000
352	0.294321	0	260	0.000000
353	0.294321	0	300	0.000000
354	0.294321	0	270	0.000000
355	0.294321	0	285	0.000000
356	0.294321	0	275	0.000000
357	0.294321	0	260	0.000000
358	0.294321	0	280	0.000000
359	0.294643	0	270	0.000000
360	0.294643	0	300	0.000000
361	0.294643	0	245	0.000000
362	0.294643	0	280	0.000000
363	0.294643	0	265	0.000000
364	0.294643	0	235	0.000000
365	0.294643	0	260	0.000000
366	0.294643	0	255	0.000000
367	0.294643	0	235	0.000000
368	0.294643	0	275	0.000000
369	0.294643	0	245	0.000000
370	0.294643	0	310	0.000000
371	0.294643	0	260	0.000000
372	0.294643	0	250	0.000000
373	0.294643	0	190	0.000000
374	0.294643	0	295	0.000000
375	0.295960	0	305	0.000000
376	0.295960	0	265	0.000000
377	0.295960	0	245	0.000000
378	0.295960	0	270	0.000000
379	0.295960	0	240	0.000000
380	0.296663	0	225	0.000000
381	0.296663	0	245	0.000000
382	0.296663	0	240	0.000000
383	0.296663	0	260	0.000000
384	0.296663	0	290	0.000000
385	0.296663	0	210	0.000000
386	0.296663	0	245	0.000000
387	0.296663	0	245	0.000000
388	0.296663	0	240	0.000000
389	0.296663	0	225	0.000000
390	0.296663	0	255	0.000000
391	0.296663	0	250	0.000000
392	0.296663	0	220	0.000000
393	0.296663	0	240	0.000000
394	0.296663	0	280	0.000000
395	0.296663	0	265	0.000000
396	0.296663	0	235	0.000000
397	0.299005	0	270	0.000000
398	0.299005	0	250	0.000000
399	0.299005	0	265	0.000000
400	0.299005	0	275	0.000000
401	0.299005	0	255	0.000000
402	0.299005	0	230	0.000000
403	0.299005	0	250	0.000000
404	0.296663	0	220	0.000000
405	0.296663	0	240	0.000000
406	0.296663	0	215	0.000000
407	0.296663	0	190	0.000000
408	0.296663	0	190	0.000000
409	0.296663	0	225	0.000000
410	0.296663	0	250	0.000000
411	0.296663	0	200	0.000000
412	0.296663	0	215	0.000000
413	0.296926	0	240	0.000000
414	0.297043	0	280	0.000000
415	0.297043	0	230	0.000000
416	0.297043	0	225	0.000000
417	0.298800	0	245	0.000000
418	0.298800	0	205	0.000000
419	0.298800	0	195	0.000000
420	0.298800	0	210	0.000000
421	0.298800	0	210	0.000000
422	0.298800	0	245	0.000000
423	0.298800	0	240	0.000000
424	0.298800	0	265	0.000000
425	0.298800	0	225	0.000000
426	0.298800	0	220	0.000000
427	0.298800	0	235	0.000000
428	0.298800	0	215	0.000000
429	0.298800	0	265	0.000000
430	0.298800	0	215	0.000000
431	0.298800	0	245	0.000000
432	0.298800	0	255	0.000000
433	0.298800	0	210	0.000000
434	0.298800	0	240	0.000000
435	0.298800	0	255	0.000000
436	0.412856	0	260	0.000000
437	0.412856	0	200	0.000000
438	0.412856	0	235	0.000000
439	0.412856	0	200	0.000000
440	0.406416	0	235	0.000000
441	0.406416	0	260	0.000000
442	0.406416	0	225	0.000000
443	0.405611	0	240	0.000000
444	0.405611	0	235	0.000000
445	0.406928	0	225	0.000000
446	0.406928	0	235	0.000000
447	0.406928	0	255	0.000000
448	0.406928	0	250	0.000000
449	0.406928	0	255	0.000000
450	0.406928	0	230	0.000000
451	0.405611	0	275	0.000000
452	0.405611	0	240	0.000000
453	0.405611	0	245	0.000000
454	0.405611	0	215	0.000000
455	0.405611	0	225	0.000000
456	0.405611	0	245	0.000000
457	0.405172	0	195	0.000000
458	0.405172	0	190	0.000000
459	0.405172	0	205	0.000000
460	0.405172	0	220	0.000000
461	0.405172	0	260	0.000000
462	0.405172	0	240	0.000000
463	0.405172	0	215	0.000000
464	0.405172	0	270	0.000000
465	0.405172	0	225	0.000000
466	0.405172	0	230	0.000000
467	0.405172	0	180	0.000000
468	0.405172	0	235	0.000000
469	0.405172	0	190	0.000000
470	0.405172	0	210	0.000000
471	0.405172	0	235	0.000000
472	0.405172	0	235	0.000000
473	0.405172	0	220	0.000000
474	0.411612	0	255	0.000000
475	0.411612	0	220	0.000000
476	0.411612	0	240	0.000000
477	0.411612	0	215	0.000000
478	0.410997	0	190	0.000000
479	0.410997	0	205	0.000000
480	0.410997	0	190	0.000000
481	0.410997	0	200	0.000000
482	0.413027	0	200	0.000000
483	0.410997	0	190	0.000000
484	0.410553	0	195	0.000000
485	0.410553	0	145	0.000000
486	0.410553	0	205	0.000000
487	0.410553	0	210	0.000000
488	0.410553	0	210	0.000000
489	0.410553	0	180	0.000000
490	0.410553	0	175	0.000000
491	0.410553	0	200	0.000000
492	0.410553	0	175	0.000000
493	0.406689	0	210	0.000000
494	0.406689	0	210	0.000000
495	0.421956	0	220	0.000000
496	0.421956	0	200	0.000000
497	0.421956	0	190	0.000000
498	0.421956	0	205	0.000000
499	0.421956	0	230	0.000000
500	0.406689	0	240	0.000000
501	0.406689	0	210	0.000000
502	0.406689	0	210	0.000000
503	0.409148	0	205	0.000000
504	0.409148	0	195	0.000000
505	0.409148	0	205	0.000000
506	0.409148	0	200	0.000000
507	0.409148	0	190	0.000000
508	0.409148	0	200	0.000000
509	0.409148	0	240	0.000000
510	0.409148	0	240	0.000000
511	0.411797	0	210	0.000000
512	0.522043	0	180	0.000000
513	0.522878	0	205	0.000000
514	0.522878	0	195	0.000000
515	0.522878	0	160	0.000000
516	0.522878	0	180	0.000000
517	0.522878	0	190	0.000000
518	0.522878	0	140	0.000000
519	0.522878	0	180	0.000000
520	0.522878	0	175	0.000000
521	0.522878	0	175	0.000000
522	0.637954	0	135	0.000000
523	0.637954	0	180	0.000000
524	0.637954	0	210	0.000000
525	0.639271	0	195	0.000000
526	0.637954	0	185	0.000000
527	0.637954	0	185	0.000000
528	0.639271	0	160	0.000000
529	0.639271	0	175	0.000000
530	0.639271	0	170	0.000000
531	0.639271	0	190	0.000000
532	0.639271	0	190	0.000000
533	0.639271	0	175	0.000000
534	0.639271	0	190	0.000000
535	0.639271	0	175	0.000000
536	0.639271	0	175	0.000000
537	0.639783	0	180	0.000000
538	0.639783	0	190	0.000000
539	0.639783	0	190	0.000000
540	0.639974	0	205	0.000000
541	0.639974	0	195	0.000000
542	0.639974	0	210	0.000000
543	0.640486	0	175	0.000000
544	0.639974	0	200	0.000000
545	0.639974	0	165	0.000000
546	0.639974	0	185	0.000000
547	0.639974	0	150	0.000000
548	0.639974	0	165	0.000000
549	0.639974	0	140	0.000000
550	0.639974	0	145	0.000000
551	0.639974	0	160	0.000000
552	0.639974	0	160	0.000000
553	0.639974	0	155	0.000000
554	0.639974	0	200	0.000000
555	0.639974	0	155	0.000000
556	0.639974	0	145	0.000000
557	0.639974	0	185	0.000000
558	0.639974	0	165	0.000000
559	0.639974	0	150	0.000000
560	0.639974	0	145	0.000000
561	0.639974	0	130	0.000000
562	0.639974	0	180	0.000000
563	0.640096	0	150	0.000000
564	0.640486	0	160	0.000000
565	0.640486	0	150	0.000000
566	0.640486	0	180	0.000000
567	0.640486	0	105	0.000000
568	0.640486	0	195	0.000000
569	0.640486	0	150	0.000000
570	0.640486	0	160	0.000000
571	0.640486	0	170	0.000000
572	0.640486	0	165	0.000000
573	0.640486	0	130	0.000000
574	0.640486	0	170	0.000000
575	0.640486	0	175	0.000000
576	0.640486	0	135	0.000000
577	0.640486	0	180	0.000000
578	0.640486	0	160	0.000000
579	0.640486	0	190	0.000000
580	0.640486	0	160	0.000000
581	0.640486	0	160	0.000000
582	0.640486	0	95	0.000000
583	0.640486	0	130	0.000000
584	0.640486	0	125	0.000000
585	0.640486	0	150	0.000000
586	0.640486	0	150	0.000000
587	0.640486	0	210	0.000000
588	0.640486	0	135	0.000000
589	0.640486	0	165	0.000000
590	0.640486	0	160	0.000000
591	0.640486	0	165	0.000000
592	0.640486	0	175	0.000000
593	0.640486	0	190	0.000000
594	0.640486	0	170	0.000000
595	0.640486	0	145	0.000000
596	0.640486	0	160	0.000000
597	0.640486	0	155	0.000000
598	0.640486	0	165	0.000000
599	0.640486	0	145	0.000000
600	0.640486	0	170	0.000000
601	0.640486	0	160	0.000000
602	0.640486	0	160	0.000000
603	0.640486	0	125	0.000000
604	0.640486	0	120	0.000000
605	0.640486	0	130	0.000000
606	0.640486	0	180	0.000000
607	0.640486	0	135	0.000000
608	0.640486	0	170	0.000000
609	0.641101	0	125	0.000000
610	0.641101	0	175	0.000000
611	0.641101	0	155	0.000000
612	0.641101	0	160	0.000000
613	0.641101	0	115	0.000000
614	0.641101	0	175	0.000000
615	0.641101	0	165	0.000000
616	0.641101	0	190	0.000000
617	0.641101	0	135	0.000000
618	0.641101	0	185	0.000000
619	0.641101	0	135	0.000000
620	0.641101	0	185	0.000000
621	0.641101	0	200	0.000000
622	0.648361	0	145	0.000000
623	0.648361	0	195	0.000000
624	0.641101	0	140	0.000000
625	0.641101	0	170	0.000000
626	0.641101	0	170	0.000000
627	0.641101	0	200	0.000000
628	0.641101	0	170	0.000000
629	0.641101	0	195	0.000000
630	0.641291	0	125	0.000000
631	0.641291	0	155	0.000000
632	0.641291	0	175	0.000000
633	0.641291	0	160	0.000000
634	0.641291	0	130	0.000000
635	0.641291	0	150	0.000000
636	0.641291	0	155	0.000000
637	0.641291	0	130	0.000000
638	0.641291	0	160	0.000000
639	0.641291	0	175	0.000000
640	0.641291	0	140	0.000000
641	0.641291	0	155	0.000000
642	0.643048	0	140	0.000000
643	0.643048	0	145	0.000000
644	0.643048	0	125	0.000000
645	0.643048	0	145	0.000000
646	0.643048	0	150	0.000000
647	0.643048	0	130	0.000000
648	0.643048	0	120	0.000000
649	0.643048	0	155	0.000000
650	0.643048	0	95	0.000000
651	0.643048	0	125	0.000000
652	0.643048	0	120	0.000000
653	0.643048	0	130	0.000000
654	0.643048	0	140	0.000000
655	0.643048	0	185	0.000000
656	0.643048	0	110	0.000000
657	0.643048	0	145	0.000000
658	0.643048	0	120	0.000000
659	0.643048	0	140	0.000000
660	0.643048	0	130	0.000000
661	0.643048	0	140	0.000000
662	0.643048	0	140	0.000000
663	0.643048	0	145	0.000000
664	0.643048	0	170	0.000000
665	0.643048	0	125	0.000000
666	0.643048	0	115	0.000000
667	0.643048	0	140	0.000000
668	0.643048	0	120	0.000000
669	0.643048	0	125	0.000000
670	0.643048	0	115	0.000000
671	0.643048	0	125	0.000000
672	0.643048	0	120	0.000000
673	0.643048	0	125	0.000000
674	0.643048	0	55	0.000000
675	0.643048	0	115	0.000000
676	0.643048	0	110	0.000000
677	0.643048	0	80	0.000000
678	0.643048	0	105	0.000000
679	0.643048	0	120	0.000000
680	0.643048	0	105	0.000000
681	0.643048	0	75	0.000000
682	0.643048	0	65	0.000000
683	0.643048	0	125	0.000000
684	0.652079	0	110	0.000000
685	0.652079	0	110	0.000000
686	0.652079	0	95	0.000000
687	0.652079	0	110	0.000000
688	0.652079	0	70	0.000000
689	0.652079	0	85	0.000000
690	0.652079	0	125	0.000000
691	0.652079	0	85	0.000000
692	0.652079	0	85	0.000000
693	0.652079	0	105	0.000000
694	0.652079	0	110	0.000000
695	0.652079	0	120	0.000000
696	0.655855	0	90	0.000000
697	0.655855	0	110	0.000000
698	0.655855	0	140	0.000000
699	0.655855	0	110	0.000000
700	0.655855	0	115	0.000000
701	0.655855	0	110	0.000000
702	0.662295	0	110	0.000000
703	0.662295	0	95	0.000000
704	0.656558	0	105	0.000000
705	0.656558	0	120	0.000000
706	0.656558	0	120	0.000000
707	0.656558	0	115	0.000000
708	0.656558	0	120	0.000000
709	0.656558	0	130	0.000000
710	0.656558	0	110	0.000000
711	0.656558	0	115	0.000000
712	0.662295	0	110	0.000000
713	0.656558	0	80	0.000000
714	0.656558	0	115	0.000000
715	0.656558	0	110	0.000000
716	0.656558	0	125	0.000000
717	0.656558	0	130	0.000000
718	0.656558	0	140	0.000000
719	0.656558	0	130	0.000000
720	0.656558	0	95	0.000000
721	0.656558	0	110	0.000000
722	0.656558	0	110	0.000000
723	0.656558	0	80	0.000000
724	0.656558	0	90	0.000000
725	0.656558	0	90	0.000000
726	0.656558	0	115	0.000000
727	0.656558	0	120	0.000000
728	0.656558	0	100	0.000000
729	0.656558	0	95	0.000000
730	0.656558	0	125	0.000000
731	0.656558	0	115	0.000000
732	0.656558	0	130	0.000000
733	0.656558	0	95	0.000000
734	0.656558	0	125	0.000000
735	0.656558	0	95	0.000000
736	0.656558	0	95	0.000000
737	0.656558	0	115	0.000000
738	0.656558	0	80	0.000000
739	0.656558	0	105	0.000000
740	0.656558	0	75	0.000000
741	0.656558	0	90	0.000000
742	0.656558	0	120	0.000000
743	0.656558	0	105	0.000000
744	0.656558	0	100	0.000000
745	0.656558	0	115	0.000000
746	0.656558	0	90	0.000000
747	0.656558	0	130	0.000000
748	0.656558	0	80	0.000000
749	0.656558	0	95	0.000000
750	0.656558	0	100	0.000000
751	0.656558	0	75	0.000000
752	0.656558	0	110	0.000000
753	0.656558	0	100	0.000000
754	0.656558	0	75	0.000000
755	0.656558	0	110	0.000000
756	0.656558	0	105	0.000000
757	0.658519	0	110	0.000000
758	0.658519	0	125	0.000000
759	0.658519	0	120	0.000000
760	0.658519	0	105	0.000000
761	0.772951	0	135	0.000000
762	0.772951	0	130	0.000000
763	0.772951	0	95	0.000000
764	0.772951	0	115	0.000000
765	0.772951	0	125	0.000000
766	0.772951	0	105	0.000000
767	0.772951	0	90	0.000000
768	0.772951	0	120	0.000000
769	0.772951	0	130	0.000000
770	0.772951	0	145	0.000000
771	0.772951	0	115	0.000000
772	0.772951	0	170	0.000000
773	0.772951	0	150	0.000000
774	0.772951	0	120	0.000000
775	0.772951	0	120	0.000000
776	0.772951	0	135	0.000000
777	0.772951	0	105	0.000000
778	0.772951	0	105	0.000000
779	0.772951	0	125	0.000000
780	0.772951	0	110	0.000000
781	0.772951	0	125	0.000000
782	0.772951	0	110	0.000000
783	0.772951	0	115	0.000000
784	0.772951	0	95	0.000000
785	0.772951	0	130	0.000000
786	0.772951	0	85	0.000000
787	0.772951	0	100	0.000000
788	0.772951	0	80	0.000000
789	0.772951	0	110	0.000000
790	0.772951	0	100	0.000000
791	0.772951	0	55	0.000000
792	0.772951	0	105	0.000000
793	0.772951	0	95	0.000000
794	0.772951	0	105	0.000000
795	0.772951	0	105	0.000000
796	0.772951	0	95	0.000000
797	0.772951	0	140	0.000000
798	0.772951	0	85	0.000000
799	0.772951	0	100	0.000000
800	0.772951	0	110	0.000000
801	0.772951	0	135	0.000000
802	0.772951	0	95	0.000000
803	0.772951	0	90	0.000000
804	0.772951	0	105	0.000000
805	0.772951	0	125	0.000000
806	0.772951	0	150	0.000000
807	0.772951	0	145	0.000000
808	0.772951	0	115	0.000000
809	0.772951	0	105	0.000000
810	0.772951	0	90	0.000000
811	0.772951	0	85	0.000000
812	0.772951	0	100	0.000000
813	0.772951	0	70	0.000000
814	0.772951	0	75	0.000000
815	0.772951	0	105	0.000000
816	0.772951	0	110	0.000000
817	0.772951	0	110	0.000000
818	0.772951	0	95	0.000000
819	0.772951	0	130	0.000000
820	0.772951	0	115	0.000000
821	0.772951	0	70	0.000000
822	0.772951	0	140	0.000000
823	0.772951	0	110	0.000000
824	0.772951	0	95	0.000000
825	0.772951	0	70	0.000000
826	0.772951	0	85	0.000000
827	0.772951	0	80	0.000000
828	0.772951	0	70	0.000000
829	0.772951	0	85	0.000000
830	0.772951	0	80	0.000000
831	0.772951	0	50	0.000000
832	0.772951	0	75	0.000000
833	0.772951	0	90	0.000000
834	0.772951	0	95	0.000000
835	0.772951	0	75	0.000000
836	0.772951	0	85	0.000000
837	0.772951	0	75	0.000000
838	0.772951	0	95	0.000000
839	0.772951	0	65	0.000000
840	0.772951	0	105	0.000000
841	0.772951	0	65	0.000000
842	0.772951	0	85	0.000000
843	0.772951	0	50	0.000000
844	0.772951	0	85	0.000000
845	0.772951	0	120	0.000000
846	0.772951	0	100	0.000000
847	0.772951	0	95	0.000000
848	0.772951	0	95	0.000000
849	0.772951	0	55	0.000000
850	0.772951	0	85	0.000000
851	0.772951	0	90	0.000000
852	0.772951	0	105	0.000000
853	0.772951	0	80	0.000000
854	0.772951	0	50	0.000000
855	0.772951	0	80	0.000000
856	0.772951	0	105	0.000000
857	0.772951	0	75	0.000000
858	0.772951	0	75	0.000000
859	0.772951	0	55	0.000000
860	0.772951	0	70	0.000000
861	0.778689	0	75	0.000000
862	0.778689	0	90	0.000000
863	0.778689	0	55	0.000000
864	0.778689	0	100	0.000000
865	0.778689	0	60	0.000000
866	0.778689	0	100	0.000000
867	0.778689	0	95	0.000000
868	0.778689	0	95	0.000000
869	0.778689	0	100	0.000000
870	0.778689	0	120	0.000000
871	0.778689	0	85	0.000000
872	0.778689	0	70	0.000000
873	0.778689	0	95	0.000000
874	0.778689	0	130	0.000000
875	0.778689	0	95	0.000000
876	0.778689	0	115	0.000000
877	0.778689	0	95	0.000000
878	0.778689	0	100	0.000000
879	0.778689	0	85	0.000000
880	0.778689	0	85	0.000000
881	0.778689	0	90	0.000000
882	0.778689	0	90	0.000000
883	0.778689	0	85	0.000000
884	0.778689	0	60	0.000000
885	0.778689	0	85	0.000000
886	0.778689	0	70	0.000000
887	0.778689	0	95	0.000000
888	0.778689	0	85	0.000000
889	0.778689	0	105	0.000000
890	0.778689	0	60	0.000000
891	0.778689	0	65	0.000000
892	0.778689	0	80	0.000000
893	0.778689	0	90	0.000000
894	0.778689	0	90	0.000000
895	0.778689	0	75	0.000000
896	0.778689	0	75	0.000000
897	0.778689	0	60	0.000000
898	0.778689	0	55	0.000000
899	0.778689	0	75	0.000000
900	0.778689	0	75	0.000000
901	0.778689	0	70	0.000000
902	0.778689	0	75	0.000000
903	0.778689	0	65	0.000000
904	0.778689	0	70	0.000000
905	0.778689	0	95	0.000000
906	0.778689	0	90	0.000000
907	0.778689	0	120	0.000000
908	0.778689	0	70	0.000000
909	0.778689	0	105	0.000000
910	0.778689	0	90	0.000000
911	0.778689	0	110	0.000000
912	0.778689	0	75	0.000000
913	0.778689	0	105	0.000000
914	0.778689	0	85	0.000000
915	0.778689	0	90	0.000000
916	0.778689	0	95	0.000000
917	0.778689	0	60	0.000000
918	0.778689	0	95	0.000000
919	0.778689	0	90	0.000000
920	0.778689	0	75	0.000000
921	0.778689	0	80	0.000000
922	0.778689	0	65	0.000000
923	0.778689	0	75	0.000000
924	0.778689	0	75	0.000000
925	0.778689	0	90	0.000000
926	0.778689	0	55	0.000000
927	0.778689	0	65	0.000000
928	0.778689	0	85	0.000000
929	0.778689	0	100	0.000000
930	0.778689	0	55	0.000000
931	0.778689	0	105	0.000000
932	0.778689	0	65	0.000000
933	0.778689	0	95	0.000000
934	0.778689	0	70	0.000000
935	0.778689	0	105	0.000000
936	0.778689	0	100	0.000000
937	0.778689	0	80	0.000000
938	0.778689	0	80	0.000000
939	0.778689	0	70	0.000000
940	0.778689	0	95	0.000000
941	0.778689	0	75	0.000000
942	0.778689	0	60	0.000000
943	0.778689	0	70	0.000000
944	0.778689	0	55	0.000000
945	0.778689	0	70	0.000000
946	0.778689	0	40	0.000000
947	0.778689	0	70	0.000000
948	0.778689	0	80	0.000000
949	0.778689	0	70	0.000000
950	0.778689	0	85	0.000000
951	0.778689	0	70	0.000000
952	0.778689	0	75	0.000000
953	0.778689	0	65	0.000000
954	0.778689	0	45	0.000000
955	0.778689	0	75	0.000000
956	0.778689	0	80	0.000000
957	0.778689	0	75	0.000000
958	0.778689	0	85	0.000000
959	0.778689	0	130	0.000000
960	0.778689	0	80	0.000000
961	0.778689	0	130	0.000000
962	0.778689	0	70	0.000000
963	0.778689	0	105	0.000000
964	0.778689	0	110	0.000000
965	0.778689	0	95	0.000000
966	0.778689	0	85	0.000000
967	0.778689	0	75	0.000000
968	0.778689	0	90	0.000000
969	0.778689	0	110	0.000000
970	0.778689	0	90	0.000000
971	0.778689	0	60	0.000000
972	0.778689	0	75	0.000000
973	0.778689	0	70	0.000000
974	0.778689	0	65	0.000000
975	0.778689	0	80	0.000000
976	0.778689	0	40	0.000000
977	0.778689	0	35	0.000000
978	0.778689	0	70	0.000000
979	0.778689	0	65	0.000000
980	0.778689	0	70	0.000000
981	0.778689	0	45	0.000000
982	0.778689	0	65	0.000000
983	0.778689	0	55	0.000000
984	0.778689	0	40	0.000000
985	0.778689	0	25	0.000000
986	0.778689	0	75	0.000000
987	0.778689	0	50	0.000000
988	0.778689	0	60	0.000000
989	0.778689	0	75	0.000000
990	0.778689	0	65	0.000000
991	0.778689	0	75	0.000000
992	0.778689	0	65	0.000000
993	0.778689	0	45	0.000000
994	0.778689	0	65	0.000000
995	0.778689	0	85	0.000000
996	0.778689	0	85	0.000000
997	0.883607	0	45	0.000000
998	0.883607	0	75	0.000000
999	0.883607	0	90	0.000000
1000	0.883607	0	65	0.000000
1001	0.883607	0	75	0.000000
1002	0.883607	0	65	0.000000
1003	0.883607	0	85	0.000000
1004	0.883607	0	65	0.000000
1005	0.883607	0	70	0.000000
1006	0.883607	0	90	0.000000
1007	0.883607	0	85	0.000000
1008	0.883607	0	80	0.000000
1009	0.883607	0	40	0.000000
1010	0.883607	0	80	0.000000
1011	0.883607	0	40	0.000000
1012	0.883607	0	55	0.000000
1013	0.883607	0	65	0.000000
1014	0.883607	0	50	0.000000
1015	0.883607	0	50	0.000000
1016	0.883607	0	55	0.000000
1017	0.883607	0	90	0.000000
1018	0.883607	0	75	0.000000
1019	0.883607	0	80	0.000000
1020	0.883607	0	60	0.000000
1021	0.883607	0	60	0.000000
1022	0.883607	0	60	0.000000
1023	0.883607	0	40	0.000000
1024	0.883607	0	65	0.000000
1025	0.883607	0	35	0.000000
1026	0.883607	0	55	0.000000
1027	0.883607	0	40	0.000000
1028	0.883607	0	45	0.000000
1029	0.883607	0	45	0.000000
1030	0.883607	0	35	0.000000
1031	0.883607	0	40	0.000000
1032	0.883607	0	40	0.000000
1033	0.883607	0	45	0.000000
1034	0.883607	0	55	0.000000
1035	0.883607	0	65	0.000000
1036	0.883607	0	55	0.000000
1037	0.883607	0	45	0.000000
1038	0.883607	0	50	0.000000
1039	0.883607	0	65	0.000000
1040	0.883607	0	35	0.000000
1041	0.883607	0	60	0.000000
1042	0.883607	0	45	0.000000
1043	0.883607	0	40	0.000000
1044	0.883607	0	55	0.000000
1045	0.883607	0	25	0.000000
1046	0.883607	0	55	0.000000
1047	0.883607	0	45	0.000000
1048	0.883607	0	35	0.000000
1049	0.883607	0	30	0.000000
1050	0.883607	0	45	0.000000
1051	0.883607	0	40	0.000000
1052	0.883607	0	60	0.000000
1053	0.883607	0	45	0.000000
1054	0.883607	0	35	0.000000
1055	0.889344	0	65	0.000000
1056	0.889344	0	60	0.000000
1057	0.889344	0	40	0.000000
1058	0.889344	0	55	0.000000
1059	0.889344	0	35	0.000000
1060	0.889344	0	55	0.000000
1061	0.889344	0	55	0.000000
1062	0.889344	0	75	0.000000
1063	0.889344	0	75	0.000000
1064	0.889344	0	60	0.000000
1065	0.889344	0	65	0.000000
1066	0.889344	0	55	0.000000
1067	0.889344	0	100	0.000000
1068	0.889344	0	80	0.000000
1069	0.889344	0	50	0.000000
1070	0.889344	0	70	0.000000
1071	0.889344	0	65	0.000000
1072	0.889344	0	75	0.000000
1073	0.889344	0	70	0.000000
1074	0.889344	0	65	0.000000
1075	0.889344	0	40	0.000000
1076	0.889344	0	50	0.000000
1077	0.889344	0	70	0.000000
1078	0.889344	0	35	0.000000
1079	0.889344	0	25	0.000000
1080	0.889344	0	50	0.000000
1081	0.889344	0	35	0.000000
1082	0.889344	0	30	0.000000
1083	0.889344	0	45	0.000000
1084	0.889344	0	40	0.000000
1085	0.889344	0	40	0.000000
1086	0.889344	0	45	0.000000
1087	0.889344	0	40	0.000000
1088	0.889344	0	45	0.000000
1089	0.889344	0	40	0.000000
1090	0.889344	0	45	0.000000
1091	0.889344	0	35	0.000000
1092	0.889344	0	40	0.000000
1093	0.889344	0	30	0.000000
1094	0.889344	0	35	0.000000
1095	0.889344	0	40	0.000000
1096	0.889344	0	45	0.000000
1097	0.889344	0	45	0.000000
1098	0.889344	0	45	0.000000
1099	0.889344	0	45	0.000000
1100	0.889344	0	65	0.000000
1101	0.889344	0	35	0.000000
1102	0.889344	0	40	0.000000
1103	0.889344	0	20	0.000000
1104	0.889344	0	60	0.000000
1105	0.889344	0	40	0.000000
1106	0.889344	0	50	0.000000
1107	0.889344	0	35	0.000000
1108	0.889344	0	40	0.000000
1109	0.889344	0	40	0.000000
1110	0.889344	0	45	0.000000
1111	0.889344	0	45	0.000000
1112	0.889344	0	40	0.000000
1113	0.889344	0	40	0.000000
1114	0.889344	0	50	0.000000
1115	0.889344	0	35	0.000000
1116	0.889344	0	55	0.000000
1117	0.889344	0	25	0.000000
1118	0.889344	0	60	0.000000
1119	0.889344	0	35	0.000000
1120	0.889344	0	40	0.000000
1121	0.889344	0	60	0.000000
1122	0.889344	0	60	0.000000
1123	0.889344	0	70	0.000000
1124	0.889344	0	55	0.000000
1125	0.889344	0	45	0.000000
1126	0.889344	0	40	0.000000
1127	0.889344	0	45	0.000000
1128	0.889344	0	40	0.000000
1129	0.889344	0	40	0.000000
1130	0.889344	0	55	0.000000
1131	0.889344	0	30	0.000000
1132	0.889344	0	40	0.000000
1133	0.889344	0	45	0.000000
1134	0.889344	0	50	0.000000
1135	0.889344	0	60	0.000000
1136	0.889344	0	55	0.000000
1137	0.889344	0	35	0.000000
1138	0.889344	0	65	0.000000
1139	0.889344	0	45	0.000000
1140	0.889344	0	45	0.000000
1141	0.889344	0	70	0.000000
1142	0.889344	0	55	0.000000
1143	0.889344	0	45	0.000000
1144	0.889344	0	55	0.000000
1145	0.889344	0	35	0.000000
1146	0.889344	0	50	0.000000
1147	0.889344	0	45	0.000000
1148	0.889344	0	50	0.000000
1149	0.889344	0	40	0.000000
1150	0.889344	0	50	0.000000
1151	0.889344	0	50	0.000000
1152	0.889344	0	75	0.000000
1153	0.889344	0	50	0.000000
1154	0.889344	0	35	0.000000
1155	0.889344	0	60	0.000000
1156	0.889344	0	30	0.000000
1157	0.889344	0	45	0.000000
1158	0.889344	0	45	0.000000
1159	0.889344	0	40	0.000000
1160	0.889344	0	55	0.000000
1161	0.889344	0	40	0.000000
1162	0.889344	0	40	0.000000
1163	0.889344	0	60	0.000000
1164	0.889344	0	60	0.000000
1165	0.889344	0	35	0.000000
1166	0.889344	0	60	0.000000
1167	0.889344	0	55	0.000000
1168	0.889344	0	55	0.000000
1169	0.889344	0	55	0.000000
1170	0.889344	0	65	0.000000
1171	0.889344	0	45	0.000000
1172	0.889344	0	35	0.000000
1173	0.889344	0	50	0.000000
1174	0.889344	0	60	0.000000
1175	0.889344	0	40	0.000000
1176	0.889344	0	60	0.000000
1177	0.889344	0	40	0.000000
1178	0.889344	0	40	0.000000
1179	0.889344	0	45	0.000000
1180	0.889344	0	40	0.000000
1181	0.889344	0	65	0.000000
1182	0.889344	0	60	0.000000
1183	0.889344	0	35	0.000000
1184	0.889344	0	35	0.000000
1185	0.889344	0	50	0.000000
1186	0.889344	0	50	0.000000
1187	0.889344	0	50	0.000000
1188	0.889344	0	60	0.000000
1189	0.889344	0	60	0.000000
1190	0.889344	0	40	0.000000
1191	0.889344	0	45	0.000000
1192	0.889344	0	55	0.000000
1193	0.889344	0	15	0.000000
1194	0.889344	0	30	0.000000
1195	0.889344	0	25	0.000000
1196	0.889344	0	45	0.000000
1197	0.889344	0	30	0.000000
1198	0.889344	0	35	0.000000
1199	0.889344	0	40	0.000000
1200	0.889344	0	10	0.000000
1201	0.889344	0	20	0.000000
1202	0.889344	0	55	0.000000
1203	0.889344	0	25	0.000000
1204	0.889344	0	30	0.000000
1205	0.889344	0	45	0.000000
1206	0.889344	0	45	0.000000
1207	0.889344	0	25	0.000000
1208	0.889344	0	30	0.000000
1209	0.889344	0	40	0.000000
1210	0.889344	0	35	0.000000
1211	0.889344	0	45	0.000000
1212	0.889344	0	35	0.000000
1213	0.889344	0	25	0.000000
1214	0.889344	0	25	0.000000
1215	0.889344	0	35	0.000000
1216	0.889344	0	45	0.000000
1217	0.889344	0	50	0.000000
1218	0.889344	0	35	0.000000
1219	0.889344	0	45	0.000000
1220	0.889344	0	30	0.000000
1221	0.889344	0	25	0.000000
1222	0.889344	0	30	0.000000
1223	0.889344	0	25	0.000000
1224	0.889344	0	30	0.000000
1225	0.889344	0	20	0.000000
1226	0.889344	0	50	0.000000
1227	0.889344	0	30	0.000000
1228	0.889344	0	30	0.000000
1229	0.889344	0	15	0.000000
1230	0.889344	0	15	0.000000
1231	0.889344	0	30	0.000000
1232	0.889344	0	40	0.000000
1233	0.889344	0	15	0.000000
1234	0.889344	0	30	0.000000
1235	0.889344	0	25	0.000000
1236	0.889344	0	35	0.000000
1237	0.889344	0	20	0.000000
1238	0.889344	0	20	0.000000
1239	0.889344	0	20	0.000000
1240	0.889344	0	5	0.000000
1241	0.889344	0	40	0.000000
1242	0.889344	0	20	0.000000
1243	0.889344	0	15	0.000000
1244	0.889344	0	30	0.000000
1245	0.889344	0	30	0.000000
1246	0.889344	0	35	0.000000
1247	0.889344	0	10	0.000000
1248	0.889344	0	35	0.000000
1249	0.889344	0	20	0.000000
1250	0.889344	0	10	0.000000
1251	0.889344	0	30	0.000000
1252	0.889344	0	25	0.000000
1253	0.889344	0	25	0.000000
1254	0.889344	0	25	0.000000
1255	0.889344	0	40	0.000000
1256	0.889344	0	15	0.000000
1257	0.889344	0	40	0.000000
1258	0.889344	0	25	0.000000
1259	0.889344	0	45	0.000000
1260	0.889344	0	35	0.000000
1261	0.889344	0	40	0.000000
1262	0.889344	0	40	0.000000
1263	0.889344	0	35	0.000000
1264	0.889344	0	45	0.000000
1265	0.889344	0	50	0.000000
1266	0.889344	0	15	0.000000
1267	0.889344	0	40	0.000000
1268	0.889344	0	30	0.000000
1269	0.889344	0	30	0.000000
1270	0.889344	0	25	0.000000
1271	0.889344	0	15	0.000000
1272	0.889344	0	40	0.000000
1273	0.889344	0	35	0.000000
1274	0.889344	0	25	0.000000
1275	0.889344	0	35	0.000000
1276	0.889344	0	25	0.000000
1277	0.889344	0	20	0.000000
1278	0.889344	0	35	0.000000
1279	0.889344	0	25	0.000000
1280	0.889344	0	20	0.000000
1281	0.889344	0	30	0.000000
1282	0.889344	0	15	0.000000
1283	0.889344	0	25	0.000000
1284	0.889344	0	20	0.000000
1285	0.889344	0	35	0.000000
1286	0.889344	0	30	0.000000
1287	0.889344	0	15	0.000000
1288	0.889344	0	15	0.000000
1289	0.889344	0	25	0.000000
1290	0.889344	0	10	0.000000
1291	0.889344	0	35	0.000000
1292	0.889344	0	25	0.000000
1293	0.889344	0	20	0.000000
1294	0.889344	0	5	0.000000
1295	0.889344	0	5	0.000000
1296	0.889344	0	20	0.000000
1297	0.889344	0	30	0.000000
1298	0.889344	0	25	0.000000
1299	0.889344	0	20	0.000000
1300	0.889344	0	40	0.000000
1301	0.889344	0	50	0.000000
1302	0.889344	0	40	0.000000
1303	0.889344	0	45	0.000000
1304	0.889344	0	25	0.000000
1305	0.889344	0	45	0.000000
1306	0.889344	0	45	0.000000
1307	0.889344	0	40	0.000000
1308	0.889344	0	40	0.000000
1309	0.889344	0	35	0.000000
1310	0.889344	0	40	0.000000
1311	0.889344	0	30	0.000000
1312	0.889344	0	35	0.000000
1313	0.889344	0	30	0.000000
1314	0.889344	0	40	0.000000
1315	0.889344	0	50	0.000000
1316	0.889344	0	35	0.000000
1317	0.889344	0	30	0.000000
1318	0.889344	0	30	0.000000
1319	0.889344	0	40	0.000000
1320	0.889344	0	20	0.000000
1321	0.889344	0	20	0.000000
1322	0.889344	0	30	0.000000
1323	0.889344	0	20	0.000000
1324	0.889344	0	25	0.000000
1325	0.889344	0	20	0.000000
1326	0.889344	0	15	0.000000
1327	0.889344	0	20	0.000000
1328	0.889344	0	20	0.000000
1329	0.889344	0	10	0.000000
1330	0.889344	0	40	0.000000
1331	0.889344	0	40	0.000000
1332	0.889344	0	30	0.000000
1333	0.889344	0	50	0.000000
1334	0.889344	0	20	0.000000
1335	0.889344	0	40	0.000000
1336	0.889344	0	30	0.000000
1337	0.889344	0	35	0.000000
1338	0.889344	0	20	0.000000
1339	0.889344	0	10	0.000000
1340	0.889344	0	15	0.000000
1341	0.889344	0	30	0.000000
1342	0.889344	0	25	0.000000
1343	0.889344	0	20	0.000000
1344	0.889344	0	15	0.000000
1345	0.889344	0	25	0.000000
1346	0.889344	0	30	0.000000
1347	0.889344	0	30	0.000000
1348	0.889344	0	15	0.000000
1349	0.889344	0	20	0.000000
1350	0.889344	0	25	0.000000
1351	0.889344	0	10	0.000000
1352	0.889344	0	30	0.000000
1353	0.889344	0	30	0.000000
1354	0.889344	0	15	0.000000
1355	0.889344	0	20	0.000000
1356	0.889344	0	40	0.000000
1357	0.889344	0	30	0.000000
1358	0.889344	0	40	0.000000
1359	0.889344	0	35	0.000000
1360	0.889344	0	50	0.000000
1361	0.889344	0	15	0.000000
1362	0.889344	0	30	0.000000
1363	0.889344	0	25	0.000000
1364	0.889344	0	10	0.000000
1365	0.889344	0	20	0.000000
1366	0.889344	0	25	0.000000
1367	0.889344	0	25	0.000000
1368	0.889344	0	10	0.000000
1369	0.889344	0	20	0.000000
1370	0.889344	0	30	0.000000
1371	0.889344	0	25	0.000000
1372	0.889344	0	20	0.000000
1373	0.889344	0	5	0.000000
1374	0.889344	0	30	0.000000
1375	0.889344	0	25	0.000000
1376	0.889344	0	15	0.000000
1377	0.889344	0	20	0.000000
1378	0.889344	0	10	0.000000
1379	0.889344	0	5	0.000000
1380	0.889344	0	10	0.000000
1381	0.889344	0	0	0.000000
1382	0.889344	0	5	0.000000
1383	0.889344	0	20	0.000000
1384	0.889344	0	20	0.000000
1385	0.889344	0	20	0.000000
1386	0.889344	0	30	0.000000
1387	0.889344	0	30	0.000000
1388	0.889344	0	35	0.000000
1389	0.889344	0	15	0.000000
1390	0.889344	0	35	0.000000
1391	0.889344	0	20	0.000000
1392	0.889344	0	30	0.000000
1393	0.889344	0	30	0.000000
1394	0.889344	0	20	0.000000
1395	0.889344	0	20	0.000000
1396	0.889344	0	40	0.000000
1397	0.889344	0	40	0.000000
1398	0.889344	0	15	0.000000
1399	0.889344	0	0	0.000000
1400	0.889344	0	15	0.000000
1401	0.889344	0	15	0.000000
1402	0.889344	0	15	0.000000
1403	0.889344	0	10	0.000000
1404	0.889344	0	15	0.000000
1405	0.889344	0	5	0.000000
1406	0.889344	0	25	0.000000
1407	0.889344	0	15	0.000000
1408	0.889344	0	10	0.000000
1409	0.889344	0	30	0.000000
1410	0.889344	0	20	0.000000
1411	0.889344	0	35	0.000000
1412	0.889344	0	30	0.000000
1413	0.889344	0	15	0.000000
1414	0.889344	0	25	0.000000
1415	0.889344	0	5	0.000000
1416	0.889344	0	15	0.000000
1417	0.889344	0	10	0.000000
1418	0.889344	0	35	0.000000
1419	0.889344	0	25	0.000000
1420	0.889344	0	25	0.000000
1421	0.889344	0	40	0.000000
1422	0.889344	0	35	0.000000
1423	0.889344	0	15	0.000000
1424	0.889344	0	25	0.000000
1425	0.889344	0	25	0.000000
1426	0.889344	0	15	0.000000
1427	0.889344	0	30	0.000000
1428	0.889344	0	30	0.000000
1429	0.889344	0	25	0.000000
1430	0.889344	0	25	0.000000
1431	0.889344	0	30	0.000000
1432	0.889344	0	15	0.000000
1433	0.889344	0	0	0.000000
1434	0.889344	0	15	0.000000
1435	0.889344	0	15	0.000000
1436	0.889344	0	5	0.000000
1437	0.889344	0	5	0.000000
1438	0.889344	0	15	0.000000
1439	0.889344	0	5	0.000000
1440	0.889344	0	10	0.000000
1441	0.889344	0	35	0.000000
1442	0.889344	0	15	0.000000
1443	0.889344	0	30	0.000000
1444	0.889344	0	15	0.000000
1445	0.889344	0	5	0.000000
1446	0.889344	0	5	0.000000
1447	0.889344	0	15	0.000000
1448	0.889344	0	10	0.000000
1449	0.889344	0	15	0.000000
1450	0.889344	0	5	0.000000
1451	0.889344	0	15	0.000000
1452	0.889344	0	15	0.000000
1453	0.889344	0	20	0.000000
1454	0.889344	0	10	0.000000
1455	0.889344	0	10	0.000000
1456	0.889344	0	10	0.000000
1457	0.889344	0	15	0.000000
1458	0.889344	0	20	0.000000
1459	0.889344	0	25	0.000000
1460	0.889344	0	35	0.000000
1461	0.889344	0	5	0.000000
1462	0.889344	0	15	0.000000
1463	0.889344	0	20	0.000000
1464	0.889344	0	15	0.000000
1465	0.889344	0	15	0.000000
1466	0.889344	0	35	0.000000
1467	0.889344	0	25	0.000000
1468	0.889344	0	20	0.000000
1469	0.889344	0	10	0.000000
1470	0.889344	0	10	0.000000
1471	0.889344	0	35	0.000000
1472	0.889344	0	25	0.000000
1473	0.889344	0	10	0.000000
1474	0.889344	0	20	0.000000
1475	0.889344	0	15	0.000000
1476	0.889344	0	15	0.000000
1477	0.889344	0	10	0.000000
1478	0.889344	0	15	0.000000
1479	0.889344	0	10	0.000000
1480	0.889344	0	20	0.000000
1481	0.889344	0	25	0.000000
1482	0.889344	0	15	0.000000
1483	0.889344	0	35	0.000000
1484	0.889344	0	15	0.000000
1485	0.889344	0	15	0.000000
1486	0.889344	0	25	0.000000
1487	0.889344	0	10	0.000000
1488	0.889344	0	10	0.000000
1489	0.889344	0	30	0.000000
1490	0.889344	0	15	0.000000
1491	0.889344	0	15	0.000000
1492	0.889344	0	10	0.000000
1493	0.889344	0	15	0.000000
1494	0.889344	0	25	0.000000
1495	0.889344	0	15	0.000000
1496	0.889344	0	10	0.000000
1497	0.889344	0	10	0.000000
1498	0.889344	0	20	0.000000
1499	0.889344	0	15	0.000000
1500	0.889344	0	25	0.000000
1501	0.889344	0	15	0.000000
1502	0.889344	0	40	0.000000
1503	0.889344	0	20	0.000000
1504	0.889344	0	30	0.000000
1505	0.889344	0	15	0.000000
1506	0.889344	0	15	0.000000
1507	0.889344	0	30	0.000000
1508	0.889344	0	35	0.000000
1509	0.889344	0	25	0.000000
1510	0.889344	0	25	0.000000
1511	0.889344	0	25	0.000000
1512	0.889344	0	30	0.000000
1513	0.889344	0	45	0.000000
1514	0.889344	0	45	0.000000
1515	0.889344	0	35	0.000000
1516	0.889344	0	20	0.000000
1517	0.889344	0	20	0.000000
1518	0.889344	0	25	0.000000
1519	0.889344	0	5	0.000000
1520	0.889344	0	30	0.000000
1521	0.889344	0	35	0.000000
1522	1.000000	0	40	0.000000
1523	1.000000	0	35	0.000000
1524	1.000000	0	35	0.000000
1525	1.000000	0	15	0.000000
1526	1.000000	0	10	0.000000
1527	1.000000	0	30	0.000000
1528	1.000000	0	30	0.000000
1529	1.000000	0	15	0.000000
1530	1.000000	0	25	0.000000
1531	1.000000	0	15	0.000000
1532	1.000000	0	15	0.000000
1533	1.000000	0	15	0.000000
1534	1.000000	0	35	0.000000
1535	1.000000	0	25	0.000000
1536	1.000000	0	20	0.000000
1537	1.000000	0	40	0.000000
1538	1.000000	0	35	0.000000
1539	1.000000	0	35	0.000000
1540	1.000000	0	10	0.000000
1541	1.000000	0	35	0.000000
1542	1.000000	0	30	0.000000
1543	1.000000	0	30	0.000000
1544	1.000000	0	30	0.000000
1545	1.000000	0	25	0.000000
1546	1.000000	0	25	0.000000
1547	1.000000	0	10	0.000000
1548	1.000000	0	35	0.000000
1549	1.000000	0	30	0.000000
1550	1.000000	0	30	0.000000
1551	1.000000	0	30	0.000000
1552	1.000000	0	25	0.000000
1553	1.000000	0	15	0.000000
1554	1.000000	0	30	0.000000
1555	1.000000	0	25	0.000000
1556	1.000000	0	20	0.000000
1557	1.000000	0	30	0.000000
1558	1.000000	0	15	0.000000
1559	1.000000	0	25	0.000000
1560	1.000000	0	20	0.000000
1561	1.000000	0	15	0.000000
1562	1.000000	0	10	0.000000
1563	1.000000	0	15	0.000000
1564	1.000000	0	15	0.000000
1565	1.000000	0	15	0.000000
1566	1.000000	0	20	0.000000
1567	1.000000	0	20	0.000000
1568	1.000000	0	15	0.000000
1569	1.000000	0	25	0.000000
1570	1.000000	0	15	0.000000
1571	1.000000	0	10	0.000000
1572	1.000000	0	20	0.000000
1573	1.000000	0	20	0.000000
1574	1.000000	0	15	0.000000
1575	1.000000	0	5	0.000000
1576	1.000000	0	15	0.000000
1577	1.000000	0	10	0.000000
1578	1.000000	0	10	0.000000
1579	1.000000	0	15	0.000000
1580	1.000000	0	10	0.000000
1581	1.000000	0	10	0.000000
1582	1.000000	0	15	0.000000
1583	1.000000	0	10	0.000000
1584	1.000000	0	10	0.000000
1585	1.000000	0	10	0.000000
1586	1.000000	0	5	0.000000
1587	1.000000	0	0	0.000000
1588	1.000000	0	5	0.000000
1589	1.000000	0	5	0.000000
1590	1.000000	0	10	0.000000
1591	1.000000	0	15	0.000000
1592	1.000000	0	15	0.000000
1593	1.000000	0	10	0.000000
1594	1.000000	0	25	0.000000
1595	1.000000	0	25	0.000000
1596	1.000000	0	30	0.000000
1597	1.000000	0	20	0.000000
1598	1.000000	0	30	0.000000
1599	1.000000	0	35	0.000000
1600	1.000000	0	20	0.000000
1601	1.000000	0	30	0.000000
1602	1.000000	0	20	0.000000
1603	1.000000	0	25	0.000000
1604	1.000000	0	25	0.000000
1605	1.000000	0	30	0.000000
1606	1.000000	0	25	0.000000
1607	1.000000	0	25	0.000000
1608	1.000000	0	20	0.000000
1609	1.000000	0	15	0.000000
1610	1.000000	0	30	0.000000
1611	1.000000	0	25	0.000000
1612	1.000000	0	30	0.000000
1613	1.000000	0	10	0.000000
1614	1.000000	0	30	0.000000
1615	1.000000	0	20	0.000000
1616	1.000000	0	20	0.000000
1617	1.000000	0	5	0.000000
1618	1.000000	0	10	0.000000
1619	1.000000	0	15	0.000000
1620	1.000000	0	30	0.000000
1621	1.000000	0	25	0.000000
1622	1.000000	0	40	0.000000
1623	1.000000	0	30	0.000000
1624	1.000000	0	5	0.000000
1625	1.000000	0	25	0.000000
1626	1.000000	0	20	0.000000
1627	1.000000	0	15	0.000000
1628	1.000000	0	15	0.000000
1629	1.000000	0	25	0.000000
1630	1.000000	0	5	0.000000
1631	1.000000	0	20	0.000000
1632	1.000000	0	10	0.000000
1633	1.000000	0	15	0.000000
1634	1.000000	0	25	0.000000
1635	1.000000	0	10	0.000000
1636	1.000000	0	5	0.000000
1637	1.000000	0	10	0.000000
1638	1.000000	0	20	0.000000
1639	1.000000	0	20	0.000000
1640	1.000000	0	25	0.000000
1641	1.000000	0	20	0.000000
1642	1.000000	0	10	0.000000
1643	1.000000	0	15	0.000000
1644	1.000000	0	40	0.000000
1645	1.000000	0	10	0.000000
1646	1.000000	0	20	0.000000
1647	1.000000	0	25	0.000000
1648	1.000000	0	25	0.000000
1649	1.000000	0	25	0.000000
1650	1.000000	0	15	0.000000
1651	1.000000	0	15	0.000000
1652	1.000000	0	20	0.000000
1653	1.000000	0	30	0.000000
1654	1.000000	0	30	0.000000
1655	1.000000	0	20	0.000000
1656	1.000000	0	35	0.000000
1657	1.000000	0	20	0.000000
1658	1.000000	0	20	0.000000
1659	1.000000	0	15	0.000000
1660	1.000000	0	30	0.000000
1661	1.000000	0	25	0.000000
1662	1.000000	0	25	0.000000
1663	1.000000	0	15	0.000000
1664	1.000000	0	20	0.000000
1665	1.000000	0	30	0.000000
1666	1.000000	0	10	0.000000
1667	1.000000	0	25	0.000000
1668	1.000000	0	0	0.000000
1669	1.000000	0	25	0.000000
1670	1.000000	0	15	0.000000
1671	1.000000	0	20	0.000000
1672	1.000000	0	15	0.000000
1673	1.000000	0	10	0.000000
1674	1.000000	0	15	0.000000
1675	1.000000	0	30	0.000000
1676	1.000000	0	20	0.000000
1677	1.000000	0	10	0.000000
1678	1.000000	0	20	0.000000
1679	1.000000	0	10	0.000000
1680	1.000000	0	25	0.000000
1681	1.000000	0	20	0.000000
1682	1.000000	0	15	0.000000
1683	1.000000	0	20	0.000000
1684	1.000000	0	15	0.000000
1685	1.000000	0	15	0.000000
1686	1.000000	0	10	0.000000
1687	1.000000	0	20	0.000000
1688	1.000000	0	15	0.000000
1689	1.000000	0	25	0.000000
1690	1.000000	0	15	0.000000
1691	1.000000	0	25	0.000000
1692	1.000000	0	10	0.000000
1693	1.000000	0	25	0.000000
1694	1.000000	0	5	0.000000
1695	1.000000	0	15	0.000000
1696	1.000000	0	5	0.000000
1697	1.000000	0	5	0.000000
1698	1.000000	0	15	0.000000
1699	1.000000	0	5	0.000000
1700	1.000000	0	15	0.000000
1701	1.000000	0	0	0.000000
1702	1.000000	0	5	0.000000
1703	1.000000	0	10	0.000000
1704	1.000000	0	10	0.000000
1705	1.000000	0	10	0.000000
1706	1.000000	0	20	0.000000
1707	1.000000	0	15	0.000000
1708	1.000000	0	10	0.000000
1709	1.000000	0	5	0.000000
1710	1.000000	0	10	0.000000
1711	1.000000	0	5	0.000000
1712	1.000000	0	5	0.000000
1713	1.000000	0	10	0.000000
1714	1.000000	0	10	0.000000
1715	1.000000	0	5	0.000000
1716	1.000000	0	5	0.000000
1717	1.000000	0	0	0.000000
1718	1.000000	0	20	0.000000
1719	1.000000	0	0	0.000000
1720	1.000000	0	5	0.000000
1721	1.000000	0	5	0.000000
1722	1.000000	0	5	0.000000
1723	1.000000	0	5	0.000000
1724	1.000000	0	5	0.000000
1725	1.000000	0	5	0.000000
1726	1.000000	0	0	0.000000
1727	1.000000	0	0	0.000000
1728	1.000000	0	10	0.000000
1729	1.000000	0	5	0.000000
1730	1.000000	0	5	0.000000
1731	1.000000	0	15	0.000000
1732	1.000000	0	15	0.000000
1733	1.000000	0	10	0.000000
1734	1.000000	0	15	0.000000
1735	1.000000	0	5	0.000000
1736	1.000000	0	15	0.000000
1737	1.000000	0	10	0.000000
1738	1.000000	0	15	0.000000
1739	1.000000	0	5	0.000000
1740	1.000000	0	15	0.000000
1741	1.000000	0	15	0.000000
1742	1.000000	0	5	0.000000
1743	1.000000	0	0	0.000000
1744	1.000000	0	0	0.000000
1745	1.000000	0	10	0.000000
1746	1.000000	0	0	0.000000
1747	1.000000	0	5	0.000000
1748	1.000000	0	5	0.000000
1749	1.000000	0	10	0.000000
1750	1.000000	0	5	0.000000
1751	1.000000	0	5	0.000000
1752	1.000000	0	5	0.000000
1753	1.000000	0	0	0.000000
1754	1.000000	0	10	0.000000
1755	1.000000	0	15	0.000000
1756	1.000000	0	15	0.000000
1757	1.000000	0	15	0.000000
1758	1.000000	0	15	0.000000
1759	1.000000	0	15	0.000000
1760	1.000000	0	30	0.000000
1761	1.000000	0	15	0.000000
1762	1.000000	0	10	0.000000
1763	1.000000	0	15	0.000000
1764	1.000000	0	20	0.000000
1765	1.000000	0	0	0.000000
1766	1.000000	0	20	0.000000
1767	1.000000	0	25	0.000000
1768	1.000000	0	35	0.000000
1769	1.000000	0	25	0.000000
1770	1.000000	0	15	0.000000
1771	1.000000	0	25	0.000000
1772	1.000000	0	10	0.000000
1773	1.000000	0	25	0.000000
1774	1.000000	0	40	0.000000
1775	1.000000	0	35	0.000000
1776	1.000000	0	15	0.000000
1777	1.000000	0	25	0.000000
1778	1.000000	0	30	0.000000
1779	1.000000	0	10	0.000000
1780	1.000000	0	15	0.000000
1781	1.000000	0	10	0.000000
1782	1.000000	0	20	0.000000
1783	1.000000	0	20	0.000000
1784	1.000000	0	10	0.000000
1785	1.000000	0	30	0.000000
1786	1.000000	0	15	0.000000
1787	1.000000	0	15	0.000000
1788	1.000000	0	15	0.000000
1789	1.000000	0	20	0.000000
1790	1.000000	0	10	0.000000
1791	1.000000	0	15	0.000000
1792	1.000000	0	5	0.000000
1793	1.000000	0	5	0.000000
1794	1.000000	0	5	0.000000
1795	1.000000	0	10	0.000000
1796	1.000000	0	10	0.000000
1797	1.000000	0	10	0.000000
1798	1.000000	0	20	0.000000
1799	1.000000	0	5	0.000000
1800	1.000000	0	20	0.000000
1801	1.000000	0	0	0.000000
1802	1.000000	0	20	0.000000
1803	1.000000	0	20	0.000000
1804	1.000000	0	15	0.000000
1805	1.000000	0	15	0.000000
1806	1.000000	0	15	0.000000
1807	1.000000	0	10	0.000000
1808	1.000000	0	20	0.000000
1809	1.000000	0	10	0.000000
1810	1.000000	0	5	0.000000
1811	1.000000	0	10	0.000000
1812	1.000000	0	15	0.000000
1813	1.000000	0	10	0.000000
1814	1.000000	0	10	0.000000
1815	1.000000	0	10	0.000000
1816	1.000000	0	5	0.000000
1817	1.000000	0	20	0.000000
1818	1.000000	0	15	0.000000
1819	1.000000	0	15	0.000000
1820	1.000000	0	0	0.000000
1821	1.000000	0	15	0.000000
1822	1.000000	0	0	0.000000
1823	1.000000	0	10	0.000000
1824	1.000000	0	10	0.000000
1825	1.000000	0	5	0.000000
1826	1.000000	0	5	0.000000
1827	1.000000	0	10	0.000000
1828	1.000000	0	5	0.000000
1829	1.000000	0	10	0.000000
1830	1.000000	0	5	0.000000
1831	1.000000	0	5	0.000000
1832	1.000000	0	5	0.000000
1833	1.000000	0	10	0.000000
1834	1.000000	0	0	0.000000
1835	1.000000	0	10	0.000000
1836	1.000000	0	0	0.000000
1837	1.000000	0	5	0.000000
1838	1.000000	0	10	0.000000
1839	1.000000	0	15	0.000000
1840	1.000000	0	5	0.000000
1841	1.000000	0	10	0.000000
1842	1.000000	0	20	0.000000
1843	1.000000	0	10	0.000000
1844	1.000000	0	5	0.000000
1845	1.000000	0	0	0.000000
1846	1.000000	0	5	0.000000
1847	1.000000	0	10	0.000000
1848	1.000000	0	0	0.000000
1849	1.000000	0	5	0.000000
1850	1.000000	0	10	0.000000
1851	1.000000	0	20	0.000000
1852	1.000000	0	0	0.000000
1853	1.000000	0	20	0.000000
1854	1.000000	0	10	0.000000
1855	1.000000	0	5	0.000000
1856	1.000000	0	0	0.000000
1857	1.000000	0	15	0.000000
1858	1.000000	0	10	0.000000
1859	1.000000	0	10	0.000000
1860	1.000000	0	10	0.000000
1861	1.000000	0	15	0.000000
1862	1.000000	0	15	0.000000
1863	1.000000	0	10	0.000000
1864	1.000000	0	10	0.000000
1865	1.000000	0	15	0.000000
1866	1.000000	0	20	0.000000
1867	1.000000	0	10	0.000000
1868	1.000000	0	0	0.000000
1869	1.000000	0	15	0.000000
1870	1.000000	0	10	0.000000
1871	1.000000	0	5	0.000000
1872	1.000000	0	10	0.000000
1873	1.000000	0	10	0.000000
1874	1.000000	0	15	0.000000
1875	1.000000	0	15	0.000000
1876	1.000000	0	20	0.000000
1877	1.000000	0	25	0.000000
1878	1.000000	0	20	0.000000
1879	1.000000	0	20	0.000000
1880	1.000000	0	5	0.000000
1881	1.000000	0	0	0.000000
1882	1.000000	0	10	0.000000
1883	1.000000	0	15	0.000000
1884	1.000000	0	20	0.000000
1885	1.000000	0	10	0.000000
1886	1.000000	0	0	0.000000
1887	1.000000	0	15	0.000000
1888	1.000000	0	25	0.000000
1889	1.000000	0	10	0.000000
1890	1.000000	0	10	0.000000
1891	1.000000	0	15	0.000000
1892	1.000000	0	10	0.000000
1893	1.000000	0	15	0.000000
1894	1.000000	0	15	0.000000
1895	1.000000	0	15	0.000000
1896	1.000000	0	15	0.000000
1897	1.000000	0	10	0.000000
1898	1.000000	0	15	0.000000
1899	1.000000	0	10	0.000000
1900	1.000000	0	15	0.000000
1901	1.000000	0	20	0.000000
1902	1.000000	0	15	0.000000
1903	1.000000	0	10	0.000000
1904	1.000000	0	10	0.000000
1905	1.000000	0	5	0.000000
1906	1.000000	0	15	0.000000
1907	1.000000	0	5	0.000000
1908	1.000000	0	15	0.000000
1909	1.000000	0	5	0.000000
1910	1.000000	0	5	0.000000
1911	1.000000	0	25	0.000000
1912	1.000000	0	20	0.000000
1913	1.000000	0	0	0.000000
1914	1.000000	0	5	0.000000
1915	1.000000	0	15	0.000000
1916	1.000000	0	15	0.000000
1917	1.000000	0	0	0.000000
1918	1.000000	0	20	0.000000
1919	1.000000	0	10	0.000000
1920	1.000000	0	10	0.000000
1921	1.000000	0	10	0.000000
1922	1.000000	0	10	0.000000
1923	1.000000	0	15	0.000000
1924	1.000000	0	5	0.000000
1925	1.000000	0	10	0.000000
1926	1.000000	0	5	0.000000
1927	1.000000	0	5	0.000000
1928	1.000000	0	0	0.000000
1929	1.000000	0	0	0.000000
1930	1.000000	0	0	0.000000
1931	1.000000	0	0	0.000000
1932	1.000000	0	5	0.000000
1933	1.000000	0	0	0.000000
1934	1.000000	0	0	0.000000
1935	1.000000	0	5	0.000000
1936	1.000000	0	5	0.000000
1937	1.000000	0	5	0.000000
1938	1.000000	0	10	0.000000
1939	1.000000	0	0	0.000000
1940	1.000000	0	5	0.000000
1941	1.000000	0	10	0.000000
1942	1.000000	0	10	0.000000
1943	1.000000	0	10	0.000000
1944	1.000000	0	5	0.000000
1945	1.000000	0	5	0.000000
1946	1.000000	0	15	0.000000
1947	1.000000	0	15	0.000000
1948	1.000000	0	10	0.000000
1949	1.000000	0	0	0.000000
1950	1.000000	0	0	0.000000
1951	1.000000	0	0	0.000000
1952	1.000000	0	10	0.000000
1953	1.000000	0	15	0.000000
1954	1.000000	0	5	0.000000
1955	1.000000	0	5	0.000000
1956	1.000000	0	5	0.000000
1957	1.000000	0	5	0.000000
1958	1.000000	0	0	0.000000
1959	1.000000	0	0	0.000000
1960	1.000000	0	5	0.000000
1961	1.000000	0	0	0.000000
1962	1.000000	0	5	0.000000
1963	1.000000	0	10	0.000000
1964	1.000000	0	5	0.000000
1965	1.000000	0	10	0.000000
1966	1.000000	0	15	0.000000
1967	1.000000	0	10	0.000000
1968	1.000000	0	10	0.000000
1969	1.000000	0	15	0.000000
1970	1.000000	0	15	0.000000
1971	1.000000	0	10	0.000000
1972	1.000000	0	5	0.000000
1973	1.000000	0	20	0.000000
1974	1.000000	0	10	0.000000
1975	1.000000	0	10	0.000000
1976	1.000000	0	15	0.000000
1977	1.000000	0	10	0.000000
1978	1.000000	0	5	0.000000
1979	1.000000	0	10	0.000000
1980	1.000000	0	5	0.000000
1981	1.000000	0	5	0.000000
1982	1.000000	0	10	0.000000
1983	1.000000	0	5	0.000000
1984	1.000000	0	10	0.000000
1985	1.000000	0	15	0.000000
1986	1.000000	0	10	0.000000
1987	1.000000	0	0	0.000000
1988	1.000000	0	10	0.000000
1989	1.000000	0	10	0.000000
1990	1.000000	0	15	0.000000
1991	1.000000	0	20	0.000000
1992	1.000000	0	10	0.000000
1993	1.000000	0	0	0.000000
1994	1.000000	0	20	0.000000
1995	1.000000	0	20	0.000000
1996	1.000000	0	10	0.000000
1997	1.000000	0	5	0.000000
1998	1.000000	0	20	0.000000
1999	1.000000	0	15	0.000000
2000	1.000000	0	5	0.000000
2001	1.000000	0	20	0.000000
2002	1.000000	0	5	0.000000
2003	1.000000	0	15	0.000000
2004	1.000000	0	20	0.000000
2005	1.000000	0	15	0.000000
2006	1.000000	0	10	0.000000
2007	1.000000	0	15	0.000000
2008	1.000000	0	5	0.000000
2009	1.000000	0	5	0.000000
2010	1.000000	0	5	0.000000
2011	1.000000	0	10	0.000000
2012	1.000000	0	0	0.000000
2013	1.000000	0	10	0.000000
2014	1.000000	0	5	0.000000
2015	1.000000	0	15	0.000000
2016	1.000000	0	5	0.000000
2017	1.000000	0	5	0.000000
2018	1.000000	0	15	0.000000
2019	1.000000	0	20	0.000000
2020	1.000000	0	10	0.000000
2021	1.000000	0	10	0.000000
