1	0.620000
2	0.620000
3	0.620000
4	0.620000
5	0.620000
6	0.620000
7	0.620000
8	0.625000
9	0.630000
10	0.635000
11	0.640000
12	0.640000
13	0.640000
14	0.640000
15	0.645000
16	0.645000
17	0.645000
18	0.645000
19	0.650000
20	0.650000
21	0.650000
22	0.650000
23	0.650000
24	0.650000
25	0.650000
26	0.650000
27	0.650000
28	0.650000
29	0.650000
30	0.650000
31	0.660000
32	0.660000
33	0.660000
34	0.660000
35	0.660000
36	0.660000
37	0.665000
38	0.665000
39	0.665000
40	0.665000
41	0.665000
42	0.665000
43	0.665000
44	0.665000
45	0.665000
46	0.670000
47	0.670000
48	0.670000
49	0.670000
50	0.670000
51	0.670000
52	0.675000
53	0.675000
54	0.685000
55	0.685000
56	0.685000
57	0.685000
58	0.690000
59	0.690000
60	0.690000
61	0.690000
62	0.690000
63	0.690000
64	0.690000
65	0.690000
66	0.690000
67	0.690000
68	0.695000
69	0.695000
70	0.695000
71	0.695000
72	0.695000
73	0.695000
74	0.695000
75	0.695000
76	0.695000
77	0.695000
78	0.695000
79	0.695000
80	0.695000
81	0.695000
82	0.695000
83	0.695000
84	0.695000
85	0.700000
86	0.700000
87	0.700000
88	0.700000
89	0.700000
90	0.700000
91	0.700000
92	0.705000
93	0.705000
94	0.705000
95	0.705000
96	0.705000
97	0.710000
98	0.715000
99	0.715000
100	0.715000
101	0.715000
102	0.720000
103	0.720000
104	0.720000
105	0.720000
106	0.725000
107	0.725000
108	0.730000
109	0.730000
110	0.730000
111	0.730000
112	0.730000
113	0.730000
114	0.730000
115	0.730000
116	0.730000
117	0.730000
118	0.730000
119	0.730000
120	0.730000
121	0.730000
122	0.730000
123	0.730000
124	0.730000
125	0.730000
126	0.735000
127	0.735000
128	0.735000
129	0.735000
130	0.735000
131	0.740000
132	0.740000
133	0.740000
134	0.740000
135	0.740000
136	0.740000
137	0.740000
138	0.740000
139	0.740000
140	0.740000
141	0.740000
142	0.740000
143	0.740000
144	0.740000
145	0.740000
146	0.740000
147	0.740000
148	0.740000
149	0.740000
150	0.740000
151	0.740000
152	0.740000
153	0.740000
154	0.740000
155	0.740000
156	0.740000
157	0.740000
158	0.745000
159	0.745000
160	0.745000
161	0.745000
162	0.745000
163	0.745000
164	0.745000
165	0.745000
166	0.750000
167	0.750000
168	0.750000
169	0.750000
170	0.750000
171	0.750000
172	0.750000
173	0.750000
174	0.750000
175	0.750000
176	0.750000
177	0.750000
178	0.750000
179	0.750000
180	0.750000
181	0.750000
182	0.750000
183	0.750000
184	0.750000
185	0.750000
186	0.750000
187	0.750000
188	0.750000
189	0.750000
190	0.750000
191	0.750000
192	0.750000
193	0.750000
194	0.750000
195	0.750000
196	0.750000
197	0.750000
198	0.750000
199	0.750000
200	0.750000
201	0.750000
202	0.750000
203	0.750000
204	0.750000
205	0.755000
206	0.755000
207	0.755000
208	0.755000
209	0.755000
210	0.760000
211	0.760000
212	0.760000
213	0.760000
214	0.760000
215	0.760000
216	0.760000
217	0.760000
218	0.760000
219	0.760000
220	0.760000
221	0.760000
222	0.770000
223	0.770000
224	0.770000
225	0.770000
226	0.770000
227	0.770000
228	0.775000
229	0.775000
230	0.780000
231	0.780000
232	0.780000
233	0.785000
234	0.785000
235	0.785000
236	0.785000
237	0.785000
238	0.785000
239	0.785000
240	0.785000
241	0.785000
242	0.785000
243	0.785000
244	0.785000
245	0.785000
246	0.785000
247	0.785000
248	0.785000
249	0.785000
250	0.790000
251	0.790000
252	0.790000
253	0.790000
254	0.790000
255	0.790000
256	0.790000
257	0.790000
258	0.790000
259	0.790000
260	0.790000
261	0.790000
262	0.790000
263	0.790000
264	0.790000
265	0.790000
266	0.790000
267	0.795000
268	0.795000
269	0.795000
270	0.800000
271	0.795000
272	0.795000
273	0.795000
274	0.795000
275	0.795000
276	0.795000
277	0.795000
278	0.795000
279	0.795000
280	0.795000
281	0.795000
282	0.795000
283	0.800000
284	0.800000
285	0.800000
286	0.800000
287	0.800000
288	0.800000
289	0.800000
290	0.800000
291	0.800000
292	0.800000
293	0.800000
294	0.800000
295	0.800000
296	0.800000
297	0.800000
298	0.800000
299	0.800000
300	0.800000
301	0.800000
302	0.800000
303	0.800000
304	0.810000
305	0.810000
306	0.810000
307	0.810000
308	0.815000
309	0.815000
310	0.815000
311	0.815000
312	0.815000
313	0.815000
314	0.815000
315	0.815000
316	0.815000
317	0.815000
318	0.815000
319	0.815000
320	0.815000
321	0.815000
322	0.815000
323	0.815000
324	0.815000
325	0.815000
326	0.815000
327	0.815000
328	0.815000
329	0.820000
330	0.820000
331	0.820000
332	0.820000
333	0.820000
334	0.820000
335	0.820000
336	0.820000
337	0.820000
338	0.820000
339	0.820000
340	0.825000
341	0.825000
342	0.825000
343	0.825000
344	0.825000
345	0.825000
346	0.825000
347	0.825000
348	0.825000
349	0.825000
350	0.825000
351	0.825000
352	0.825000
353	0.825000
354	0.825000
355	0.825000
356	0.825000
357	0.825000
358	0.825000
359	0.825000
360	0.825000
361	0.825000
362	0.825000
363	0.825000
364	0.825000
365	0.825000
366	0.825000
367	0.825000
368	0.825000
369	0.825000
370	0.825000
371	0.825000
372	0.825000
373	0.825000
374	0.825000
375	0.825000
376	0.825000
377	0.825000
378	0.825000
379	0.825000
380	0.825000
381	0.825000
382	0.825000
383	0.825000
384	0.825000
385	0.825000
386	0.825000
387	0.825000
388	0.825000
389	0.825000
390	0.830000
391	0.830000
392	0.830000
393	0.830000
394	0.835000
395	0.835000
396	0.835000
397	0.835000
398	0.835000
399	0.835000
400	0.835000
401	0.835000
402	0.835000
403	0.835000
404	0.835000
405	0.835000
406	0.835000
407	0.835000
408	0.835000
409	0.835000
410	0.835000
411	0.835000
412	0.835000
413	0.835000
414	0.835000
415	0.835000
416	0.835000
417	0.835000
418	0.835000
419	0.835000
420	0.835000
421	0.835000
422	0.835000
423	0.835000
424	0.835000
425	0.835000
426	0.835000
427	0.835000
428	0.835000
429	0.835000
430	0.835000
431	0.835000
432	0.835000
433	0.835000
434	0.840000
435	0.840000
436	0.840000
437	0.840000
438	0.840000
439	0.840000
440	0.840000
441	0.845000
442	0.845000
443	0.845000
444	0.845000
445	0.845000
446	0.845000
447	0.845000
448	0.845000
449	0.845000
450	0.845000
451	0.845000
452	0.845000
453	0.845000
454	0.845000
455	0.845000
456	0.845000
457	0.855000
458	0.855000
459	0.855000
460	0.855000
461	0.855000
462	0.855000
463	0.855000
464	0.855000
465	0.855000
466	0.855000
467	0.855000
468	0.855000
469	0.855000
470	0.855000
471	0.855000
472	0.855000
473	0.855000
474	0.855000
475	0.855000
476	0.855000
477	0.860000
478	0.860000
479	0.860000
480	0.860000
481	0.860000
482	0.860000
483	0.860000
484	0.860000
485	0.860000
486	0.860000
487	0.860000
488	0.860000
489	0.860000
490	0.860000
491	0.860000
492	0.860000
493	0.860000
494	0.860000
495	0.860000
496	0.860000
497	0.860000
498	0.860000
499	0.860000
500	0.860000
501	0.860000
502	0.860000
503	0.860000
504	0.860000
505	0.860000
506	0.860000
507	0.860000
508	0.870000
509	0.870000
510	0.870000
511	0.870000
512	0.870000
513	0.870000
514	0.875000
515	0.875000
516	0.875000
517	0.875000
518	0.875000
519	0.875000
520	0.875000
521	0.870000
522	0.870000
523	0.870000
524	0.870000
525	0.870000
526	0.870000
527	0.870000
528	0.870000
529	0.870000
530	0.870000
531	0.870000
532	0.870000
533	0.870000
534	0.870000
535	0.870000
536	0.870000
537	0.870000
538	0.870000
539	0.875000
540	0.875000
541	0.875000
542	0.875000
543	0.875000
544	0.875000
545	0.875000
546	0.875000
547	0.875000
548	0.875000
549	0.875000
550	0.880000
551	0.880000
552	0.880000
553	0.880000
554	0.880000
555	0.880000
556	0.880000
557	0.880000
558	0.880000
559	0.880000
560	0.880000
561	0.880000
562	0.880000
563	0.880000
564	0.880000
565	0.880000
566	0.885000
567	0.885000
568	0.885000
569	0.885000
570	0.885000
571	0.885000
572	0.885000
573	0.885000
574	0.885000
575	0.885000
576	0.885000
577	0.885000
578	0.885000
579	0.885000
580	0.885000
581	0.885000
582	0.885000
583	0.885000
584	0.885000
585	0.885000
586	0.885000
587	0.885000
588	0.885000
589	0.885000
590	0.885000
591	0.885000
592	0.885000
593	0.885000
594	0.885000
595	0.885000
596	0.885000
597	0.885000
598	0.885000
599	0.885000
600	0.885000
601	0.885000
602	0.885000
603	0.885000
604	0.890000
605	0.885000
606	0.885000
607	0.885000
608	0.885000
609	0.885000
610	0.885000
611	0.885000
612	0.885000
613	0.885000
614	0.885000
615	0.885000
616	0.885000
617	0.885000
618	0.885000
619	0.890000
620	0.890000
621	0.890000
622	0.890000
623	0.890000
624	0.890000
625	0.890000
626	0.890000
627	0.890000
628	0.890000
629	0.890000
630	0.890000
631	0.890000
632	0.890000
633	0.890000
634	0.890000
635	0.890000
636	0.890000
637	0.890000
638	0.890000
639	0.890000
640	0.890000
641	0.890000
642	0.890000
643	0.890000
644	0.890000
645	0.890000
646	0.890000
647	0.890000
648	0.890000
649	0.895000
650	0.895000
651	0.895000
652	0.895000
653	0.895000
654	0.895000
655	0.895000
656	0.895000
657	0.895000
658	0.895000
659	0.895000
660	0.895000
661	0.895000
662	0.895000
663	0.895000
664	0.895000
665	0.895000
666	0.895000
667	0.895000
668	0.895000
669	0.895000
670	0.895000
671	0.895000
672	0.895000
673	0.895000
674	0.895000
675	0.895000
676	0.895000
677	0.895000
678	0.895000
679	0.895000
680	0.895000
681	0.895000
682	0.895000
683	0.895000
684	0.895000
685	0.895000
686	0.895000
687	0.895000
688	0.895000
689	0.895000
690	0.895000
691	0.895000
692	0.895000
693	0.895000
694	0.895000
695	0.895000
696	0.895000
697	0.895000
698	0.895000
699	0.895000
700	0.895000
701	0.895000
702	0.895000
703	0.895000
704	0.895000
705	0.895000
706	0.895000
707	0.895000
708	0.895000
709	0.895000
710	0.895000
711	0.895000
712	0.895000
713	0.895000
714	0.895000
715	0.895000
716	0.895000
717	0.895000
718	0.895000
719	0.895000
720	0.895000
721	0.895000
722	0.895000
723	0.895000
724	0.895000
725	0.895000
726	0.895000
727	0.895000
728	0.895000
729	0.895000
730	0.895000
731	0.895000
732	0.895000
733	0.895000
734	0.900000
735	0.905000
736	0.905000
737	0.905000
738	0.905000
739	0.905000
740	0.905000
741	0.905000
742	0.905000
743	0.905000
744	0.905000
745	0.905000
746	0.905000
747	0.905000
748	0.910000
749	0.910000
750	0.910000
751	0.910000
752	0.910000
753	0.910000
754	0.910000
755	0.910000
756	0.910000
757	0.910000
758	0.910000
759	0.910000
760	0.910000
761	0.910000
762	0.910000
763	0.910000
764	0.910000
765	0.915000
766	0.915000
767	0.915000
768	0.920000
769	0.920000
770	0.920000
771	0.920000
772	0.920000
773	0.920000
774	0.925000
775	0.925000
776	0.925000
777	0.925000
778	0.925000
779	0.925000
780	0.925000
781	0.925000
782	0.925000
783	0.925000
784	0.925000
785	0.925000
786	0.925000
787	0.925000
788	0.925000
789	0.925000
790	0.925000
791	0.925000
792	0.925000
793	0.925000
794	0.925000
795	0.925000
796	0.925000
797	0.925000
798	0.925000
799	0.925000
800	0.925000
801	0.925000
802	0.925000
803	0.925000
804	0.925000
805	0.925000
806	0.925000
807	0.925000
808	0.925000
809	0.925000
810	0.925000
811	0.925000
812	0.925000
813	0.925000
814	0.925000
815	0.925000
816	0.925000
817	0.925000
818	0.925000
819	0.925000
820	0.925000
821	0.925000
822	0.925000
823	0.925000
824	0.925000
825	0.925000
826	0.925000
827	0.925000
828	0.925000
829	0.925000
830	0.925000
831	0.925000
832	0.925000
833	0.925000
834	0.925000
835	0.925000
836	0.925000
837	0.925000
838	0.925000
839	0.925000
840	0.925000
841	0.925000
842	0.925000
843	0.925000
844	0.925000
845	0.925000
846	0.925000
847	0.925000
848	0.925000
849	0.930000
850	0.930000
851	0.930000
852	0.930000
853	0.930000
854	0.930000
855	0.930000
856	0.930000
857	0.935000
858	0.935000
859	0.935000
860	0.935000
861	0.935000
862	0.935000
863	0.935000
864	0.935000
865	0.935000
866	0.935000
867	0.935000
868	0.935000
869	0.935000
870	0.935000
871	0.935000
872	0.935000
873	0.935000
874	0.935000
875	0.935000
876	0.935000
877	0.935000
878	0.935000
879	0.935000
880	0.935000
881	0.935000
882	0.935000
883	0.935000
884	0.935000
885	0.935000
886	0.935000
887	0.940000
888	0.940000
889	0.940000
890	0.940000
891	0.940000
892	0.940000
893	0.940000
894	0.940000
895	0.940000
896	0.940000
897	0.940000
898	0.940000
899	0.940000
900	0.940000
901	0.940000
902	0.940000
903	0.940000
904	0.940000
905	0.940000
906	0.940000
907	0.940000
908	0.940000
909	0.940000
910	0.940000
911	0.940000
912	0.940000
913	0.940000
914	0.940000
915	0.940000
916	0.940000
917	0.940000
918	0.940000
919	0.940000
920	0.940000
921	0.940000
922	0.940000
923	0.940000
924	0.940000
925	0.940000
926	0.940000
927	0.940000
928	0.940000
929	0.940000
930	0.940000
931	0.940000
932	0.940000
933	0.940000
934	0.940000
935	0.940000
936	0.940000
937	0.940000
938	0.940000
939	0.940000
940	0.940000
941	0.940000
942	0.945000
943	0.945000
944	0.945000
945	0.945000
946	0.945000
947	0.945000
948	0.945000
949	0.945000
950	0.945000
951	0.945000
952	0.945000
953	0.945000
954	0.945000
955	0.945000
956	0.945000
957	0.945000
958	0.945000
959	0.945000
960	0.945000
961	0.945000
962	0.945000
963	0.945000
964	0.945000
965	0.945000
966	0.945000
967	0.945000
968	0.945000
969	0.945000
970	0.945000
971	0.945000
972	0.945000
973	0.945000
974	0.945000
975	0.945000
976	0.945000
977	0.945000
978	0.945000
979	0.945000
980	0.945000
981	0.945000
982	0.945000
983	0.945000
984	0.945000
985	0.945000
986	0.945000
987	0.945000
988	0.945000
989	0.945000
990	0.945000
991	0.945000
992	0.945000
993	0.945000
994	0.945000
995	0.945000
996	0.945000
997	0.945000
998	0.945000
999	0.945000
1000	0.945000
1001	0.945000
1002	0.945000
1003	0.945000
1004	0.945000
1005	0.945000
1006	0.945000
1007	0.945000
1008	0.945000
1009	0.945000
1010	0.945000
1011	0.945000
1012	0.945000
1013	0.945000
1014	0.945000
1015	0.945000
1016	0.945000
1017	0.945000
1018	0.945000
1019	0.945000
1020	0.945000
1021	0.945000
1022	0.945000
1023	0.945000
1024	0.945000
1025	0.945000
1026	0.945000
1027	0.945000
1028	0.945000
1029	0.945000
1030	0.945000
1031	0.945000
1032	0.945000
1033	0.945000
1034	0.945000
1035	0.945000
1036	0.945000
1037	0.945000
1038	0.945000
1039	0.945000
1040	0.945000
1041	0.945000
1042	0.945000
1043	0.945000
1044	0.945000
1045	0.945000
1046	0.945000
1047	0.945000
1048	0.945000
1049	0.945000
1050	0.945000
1051	0.945000
1052	0.945000
1053	0.945000
1054	0.945000
1055	0.945000
1056	0.945000
1057	0.945000
1058	0.945000
1059	0.945000
1060	0.945000
1061	0.945000
1062	0.945000
1063	0.945000
1064	0.945000
1065	0.945000
1066	0.945000
1067	0.945000
1068	0.945000
1069	0.945000
1070	0.945000
1071	0.945000
1072	0.945000
1073	0.945000
1074	0.945000
1075	0.945000
1076	0.945000
1077	0.945000
1078	0.945000
1079	0.945000
1080	0.945000
1081	0.945000
1082	0.945000
1083	0.950000
1084	0.950000
1085	0.950000
1086	0.950000
1087	0.950000
1088	0.950000
1089	0.950000
1090	0.950000
1091	0.950000
1092	0.950000
1093	0.950000
1094	0.950000
1095	0.950000
1096	0.950000
1097	0.950000
1098	0.950000
1099	0.950000
1100	0.950000
1101	0.950000
1102	0.950000
1103	0.950000
1104	0.950000
1105	0.950000
1106	0.950000
1107	0.950000
1108	0.950000
1109	0.950000
1110	0.950000
1111	0.950000
1112	0.950000
1113	0.950000
1114	0.950000
1115	0.950000
1116	0.950000
1117	0.950000
1118	0.950000
1119	0.950000
1120	0.955000
1121	0.955000
1122	0.955000
1123	0.955000
1124	0.955000
1125	0.955000
1126	0.955000
1127	0.955000
1128	0.955000
1129	0.955000
1130	0.955000
1131	0.955000
1132	0.955000
1133	0.955000
1134	0.955000
1135	0.955000
1136	0.955000
1137	0.955000
1138	0.955000
1139	0.955000
1140	0.955000
1141	0.955000
1142	0.955000
1143	0.955000
1144	0.955000
1145	0.955000
1146	0.955000
1147	0.955000
1148	0.955000
1149	0.955000
1150	0.955000
1151	0.955000
1152	0.955000
1153	0.955000
1154	0.955000
1155	0.955000
1156	0.955000
1157	0.955000
1158	0.955000
1159	0.955000
1160	0.955000
1161	0.955000
1162	0.955000
1163	0.955000
1164	0.955000
1165	0.955000
1166	0.955000
1167	0.955000
1168	0.955000
1169	0.960000
1170	0.955000
1171	0.955000
1172	0.955000
1173	0.955000
1174	0.955000
1175	0.955000
1176	0.955000
1177	0.955000
1178	0.955000
1179	0.955000
1180	0.955000
1181	0.955000
1182	0.955000
1183	0.955000
1184	0.955000
1185	0.955000
1186	0.955000
1187	0.955000
1188	0.955000
1189	0.955000
1190	0.955000
1191	0.955000
1192	0.955000
1193	0.955000
1194	0.955000
1195	0.955000
1196	0.955000
1197	0.955000
1198	0.955000
1199	0.955000
1200	0.955000
1201	0.955000
1202	0.955000
1203	0.955000
1204	0.955000
1205	0.955000
1206	0.960000
1207	0.960000
1208	0.960000
1209	0.960000
1210	0.960000
1211	0.960000
1212	0.960000
1213	0.960000
1214	0.960000
1215	0.960000
1216	0.960000
1217	0.960000
1218	0.960000
1219	0.960000
1220	0.960000
1221	0.960000
1222	0.960000
1223	0.960000
1224	0.960000
1225	0.960000
1226	0.960000
1227	0.960000
1228	0.960000
1229	0.960000
1230	0.960000
1231	0.960000
1232	0.960000
1233	0.960000
1234	0.960000
1235	0.960000
1236	0.960000
1237	0.960000
1238	0.960000
1239	0.960000
1240	0.960000
1241	0.960000
1242	0.960000
1243	0.960000
1244	0.960000
1245	0.960000
1246	0.960000
1247	0.960000
1248	0.960000
1249	0.960000
1250	0.960000
1251	0.960000
1252	0.960000
1253	0.960000
1254	0.960000
1255	0.960000
1256	0.960000
1257	0.960000
1258	0.960000
1259	0.960000
1260	0.960000
1261	0.960000
1262	0.960000
1263	0.960000
1264	0.960000
1265	0.960000
1266	0.960000
1267	0.960000
1268	0.960000
1269	0.960000
1270	0.960000
1271	0.960000
1272	0.960000
1273	0.960000
1274	0.960000
1275	0.960000
1276	0.960000
1277	0.960000
1278	0.960000
1279	0.960000
1280	0.960000
1281	0.960000
1282	0.960000
1283	0.960000
1284	0.960000
1285	0.960000
1286	0.960000
1287	0.960000
1288	0.960000
1289	0.960000
1290	0.960000
1291	0.960000
1292	0.960000
1293	0.960000
1294	0.960000
1295	0.960000
1296	0.960000
1297	0.960000
1298	0.960000
1299	0.960000
1300	0.960000
1301	0.960000
1302	0.960000
1303	0.960000
1304	0.960000
1305	0.960000
1306	0.960000
1307	0.960000
1308	0.960000
1309	0.960000
1310	0.960000
1311	0.960000
1312	0.960000
1313	0.960000
1314	0.960000
1315	0.960000
1316	0.960000
1317	0.960000
1318	0.960000
1319	0.965000
1320	0.965000
1321	0.965000
1322	0.965000
1323	0.965000
1324	0.965000
1325	0.965000
1326	0.965000
1327	0.965000
1328	0.965000
1329	0.965000
1330	0.965000
1331	0.965000
1332	0.965000
1333	0.965000
1334	0.965000
1335	0.965000
1336	0.965000
1337	0.965000
1338	0.965000
1339	0.965000
1340	0.965000
1341	0.965000
1342	0.965000
1343	0.965000
1344	0.965000
1345	0.965000
1346	0.965000
1347	0.965000
1348	0.965000
1349	0.965000
1350	0.965000
1351	0.965000
1352	0.965000
1353	0.965000
1354	0.965000
1355	0.965000
1356	0.965000
1357	0.965000
1358	0.965000
1359	0.965000
1360	0.965000
1361	0.965000
1362	0.965000
1363	0.965000
1364	0.965000
1365	0.965000
1366	0.965000
1367	0.965000
1368	0.965000
1369	0.965000
1370	0.965000
1371	0.965000
1372	0.965000
1373	0.965000
1374	0.965000
1375	0.965000
1376	0.965000
1377	0.965000
1378	0.965000
1379	0.965000
1380	0.965000
1381	0.965000
1382	0.965000
1383	0.965000
1384	0.965000
1385	0.965000
1386	0.965000
1387	0.970000
1388	0.970000
1389	0.970000
1390	0.970000
1391	0.970000
1392	0.970000
1393	0.970000
1394	0.970000
1395	0.970000
1396	0.970000
1397	0.970000
1398	0.970000
1399	0.970000
1400	0.970000
1401	0.970000
1402	0.970000
1403	0.970000
1404	0.970000
1405	0.970000
1406	0.970000
1407	0.970000
1408	0.970000
1409	0.970000
1410	0.970000
1411	0.970000
1412	0.970000
1413	0.970000
1414	0.970000
1415	0.970000
1416	0.970000
1417	0.970000
1418	0.970000
1419	0.970000
1420	0.970000
1421	0.970000
1422	0.970000
1423	0.970000
1424	0.970000
1425	0.970000
1426	0.970000
1427	0.970000
1428	0.970000
1429	0.970000
1430	0.975000
1431	0.975000
1432	0.975000
1433	0.975000
1434	0.975000
1435	0.975000
1436	0.975000
1437	0.975000
1438	0.975000
1439	0.975000
1440	0.975000
1441	0.975000
1442	0.975000
1443	0.975000
1444	0.975000
1445	0.975000
1446	0.975000
1447	0.975000
1448	0.975000
1449	0.975000
1450	0.975000
1451	0.975000
1452	0.975000
1453	0.975000
1454	0.975000
1455	0.975000
1456	0.975000
1457	0.975000
1458	0.975000
1459	0.975000
1460	0.975000
1461	0.975000
1462	0.975000
1463	0.975000
1464	0.975000
1465	0.975000
1466	0.975000
1467	0.975000
1468	0.975000
1469	0.975000
1470	0.975000
1471	0.975000
1472	0.975000
1473	0.975000
1474	0.975000
1475	0.975000
1476	0.975000
1477	0.980000
1478	0.980000
1479	0.980000
1480	0.980000
1481	0.980000
1482	0.980000
1483	0.980000
1484	0.980000
1485	0.980000
1486	0.980000
1487	0.980000
1488	0.980000
1489	0.980000
1490	0.980000
1491	0.980000
1492	0.980000
1493	0.980000
1494	0.980000
1495	0.980000
1496	0.980000
1497	0.980000
1498	0.980000
1499	0.980000
1500	0.980000
1501	0.980000
1502	0.980000
1503	0.980000
1504	0.980000
1505	0.980000
1506	0.980000
1507	0.980000
1508	0.980000
1509	0.980000
1510	0.980000
1511	0.980000
1512	0.980000
1513	0.980000
1514	0.980000
1515	0.980000
1516	0.980000
1517	0.980000
1518	0.980000
1519	0.980000
1520	0.980000
1521	0.980000
1522	0.980000
1523	0.980000
1524	0.980000
1525	0.980000
1526	0.980000
1527	0.980000
1528	0.980000
1529	0.980000
1530	0.980000
1531	0.980000
1532	0.980000
1533	0.980000
1534	0.980000
1535	0.980000
1536	0.980000
1537	0.980000
1538	0.980000
1539	0.980000
1540	0.980000
1541	0.980000
1542	0.980000
1543	0.980000
1544	0.980000
1545	0.980000
1546	0.980000
1547	0.980000
1548	0.980000
1549	0.980000
1550	0.980000
1551	0.980000
1552	0.980000
1553	0.980000
1554	0.980000
1555	0.980000
1556	0.980000
1557	0.980000
1558	0.980000
1559	0.980000
1560	0.980000
1561	0.980000
1562	0.980000
1563	0.980000
1564	0.980000
1565	0.980000
1566	0.980000
1567	0.980000
1568	0.980000
1569	0.980000
1570	0.980000
1571	0.980000
1572	0.980000
1573	0.980000
1574	0.980000
1575	0.980000
1576	0.980000
1577	0.980000
1578	0.980000
1579	0.980000
1580	0.980000
1581	0.980000
1582	0.980000
1583	0.980000
1584	0.980000
1585	0.980000
1586	0.980000
1587	0.980000
1588	0.980000
1589	0.980000
1590	0.980000
1591	0.980000
1592	0.980000
1593	0.980000
1594	0.980000
1595	0.980000
1596	0.980000
1597	0.980000
1598	0.980000
1599	0.980000
1600	0.980000
1601	0.980000
1602	0.980000
1603	0.980000
1604	0.980000
1605	0.980000
1606	0.980000
1607	0.980000
1608	0.980000
1609	0.980000
1610	0.985000
1611	0.985000
1612	0.985000
1613	0.985000
1614	0.985000
1615	0.985000
1616	0.985000
1617	0.985000
1618	0.985000
1619	0.985000
1620	0.985000
1621	0.985000
1622	0.990000
1623	0.990000
1624	0.990000
1625	0.990000
1626	0.990000
1627	0.990000
1628	0.990000
1629	0.990000
1630	0.990000
1631	0.990000
1632	0.990000
1633	0.990000
1634	0.990000
1635	0.990000
1636	0.990000
1637	0.990000
1638	0.990000
1639	0.990000
1640	0.990000
1641	0.990000
1642	0.990000
1643	0.990000
1644	0.990000
1645	0.990000
1646	0.990000
1647	0.990000
1648	0.990000
1649	0.990000
1650	0.990000
1651	0.990000
1652	0.990000
1653	0.990000
1654	0.990000
1655	0.990000
1656	0.990000
1657	0.990000
1658	0.990000
1659	0.990000
1660	0.990000
1661	0.990000
1662	0.990000
1663	0.990000
1664	0.990000
1665	0.990000
1666	0.990000
1667	0.990000
1668	0.990000
1669	0.990000
1670	0.990000
1671	0.990000
1672	0.990000
1673	0.990000
1674	0.990000
1675	0.990000
1676	0.990000
1677	0.990000
1678	0.990000
1679	0.990000
1680	0.990000
1681	0.990000
1682	0.990000
1683	0.990000
1684	0.990000
1685	0.990000
1686	0.990000
1687	0.990000
1688	0.990000
1689	0.990000
1690	0.990000
1691	0.990000
1692	0.990000
1693	0.990000
1694	0.990000
1695	0.990000
1696	0.990000
1697	0.990000
1698	0.990000
1699	0.990000
1700	0.990000
1701	0.990000
1702	0.990000
1703	0.990000
1704	0.990000
1705	0.990000
1706	0.990000
1707	0.990000
1708	0.990000
1709	0.990000
1710	0.990000
1711	0.990000
1712	0.990000
1713	0.990000
1714	0.990000
1715	0.990000
1716	0.990000
1717	0.990000
1718	0.990000
1719	0.990000
1720	0.990000
1721	0.990000
1722	0.990000
1723	0.990000
1724	0.990000
1725	0.990000
1726	0.990000
1727	0.990000
1728	0.990000
1729	0.990000
1730	0.990000
1731	0.990000
1732	0.990000
1733	0.990000
1734	0.990000
1735	0.990000
1736	0.990000
1737	0.990000
1738	0.990000
1739	0.990000
1740	0.990000
1741	0.990000
1742	0.990000
1743	0.990000
1744	0.990000
1745	0.990000
1746	0.990000
1747	0.990000
1748	0.990000
1749	0.990000
1750	0.990000
1751	0.990000
1752	0.990000
1753	0.990000
1754	0.990000
1755	0.990000
1756	0.990000
1757	0.990000
1758	0.990000
1759	0.990000
1760	0.990000
1761	0.990000
1762	0.990000
1763	0.990000
1764	0.990000
1765	0.990000
1766	0.990000
1767	0.990000
1768	0.990000
1769	0.990000
1770	0.990000
1771	0.990000
1772	0.990000
1773	0.990000
1774	0.990000
1775	0.990000
1776	0.990000
1777	0.990000
1778	0.990000
1779	0.990000
1780	0.990000
1781	0.990000
1782	0.990000
1783	0.990000
1784	0.990000
1785	0.990000
1786	0.990000
1787	0.990000
1788	0.990000
1789	0.990000
1790	0.990000
1791	0.990000
1792	0.990000
1793	0.990000
1794	0.990000
1795	0.990000
1796	0.990000
1797	0.990000
1798	0.990000
1799	0.990000
1800	0.990000
1801	0.990000
1802	0.990000
1803	0.990000
1804	0.990000
1805	0.990000
1806	0.990000
1807	0.990000
1808	0.990000
1809	0.990000
1810	0.990000
1811	0.990000
1812	0.990000
1813	0.990000
1814	0.990000
1815	0.990000
1816	0.990000
1817	0.990000
1818	0.990000
1819	0.990000
1820	0.990000
1821	0.990000
1822	0.990000
1823	0.990000
1824	0.990000
1825	0.990000
1826	0.990000
1827	0.990000
1828	0.990000
1829	0.990000
1830	0.990000
1831	0.990000
1832	0.990000
1833	0.990000
1834	0.990000
1835	0.990000
1836	0.990000
1837	0.990000
1838	0.990000
1839	0.990000
1840	0.990000
1841	0.990000
1842	0.990000
1843	0.990000
1844	0.990000
1845	0.990000
1846	0.990000
1847	0.990000
1848	0.990000
1849	0.990000
1850	0.990000
1851	0.990000
1852	0.990000
1853	0.990000
1854	0.990000
1855	0.990000
1856	0.990000
1857	0.990000
1858	0.990000
1859	0.990000
1860	0.990000
1861	0.990000
1862	0.990000
1863	0.990000
1864	0.990000
1865	0.990000
1866	0.990000
1867	0.990000
1868	0.990000
1869	0.990000
1870	0.990000
1871	0.990000
1872	0.990000
1873	0.990000
1874	0.990000
1875	0.990000
1876	0.990000
1877	0.990000
1878	0.990000
1879	0.990000
1880	0.990000
1881	0.990000
1882	0.990000
1883	0.990000
1884	0.990000
1885	0.990000
1886	0.990000
1887	0.990000
1888	0.990000
1889	0.990000
1890	0.990000
1891	0.990000
1892	0.990000
1893	0.990000
1894	0.990000
1895	0.990000
1896	0.990000
1897	0.990000
1898	0.990000
1899	0.990000
1900	0.990000
1901	0.990000
1902	0.990000
1903	0.990000
1904	0.990000
1905	0.990000
1906	0.990000
1907	0.990000
1908	0.990000
1909	0.990000
1910	0.990000
1911	0.990000
1912	0.990000
1913	0.990000
1914	0.990000
1915	0.990000
1916	0.990000
1917	0.990000
1918	0.990000
1919	0.990000
1920	0.990000
1921	0.990000
1922	0.990000
1923	0.990000
1924	0.990000
1925	0.990000
1926	0.990000
1927	0.990000
1928	0.990000
1929	0.990000
1930	0.990000
1931	0.990000
1932	0.990000
1933	0.990000
1934	0.990000
1935	0.990000
1936	0.990000
1937	0.990000
1938	0.990000
1939	0.990000
1940	0.990000
1941	0.990000
1942	0.990000
1943	0.990000
1944	0.990000
1945	0.990000
1946	0.990000
1947	0.990000
1948	0.990000
1949	0.990000
1950	0.990000
1951	0.990000
1952	0.990000
1953	0.990000
1954	0.990000
1955	0.990000
1956	0.990000
1957	0.990000
1958	0.990000
1959	0.990000
1960	0.990000
1961	0.990000
1962	0.990000
1963	0.990000
1964	0.990000
1965	0.990000
1966	0.990000
1967	0.990000
1968	0.990000
1969	0.990000
1970	0.990000
1971	0.990000
1972	0.990000
1973	0.990000
1974	0.990000
1975	0.990000
1976	0.990000
1977	0.990000
1978	0.990000
1979	0.990000
1980	0.990000
1981	0.990000
1982	0.990000
1983	0.990000
1984	0.990000
1985	0.990000
1986	0.990000
1987	0.990000
1988	0.990000
1989	0.990000
1990	0.990000
1991	0.990000
1992	0.995000
1993	0.995000
1994	0.995000
1995	0.995000
1996	0.995000
1997	0.995000
1998	0.995000
1999	0.995000
2000	0.995000
2001	0.995000
2002	0.995000
2003	0.995000
2004	0.995000
2005	0.995000
2006	0.995000
2007	0.995000
2008	0.995000
2009	0.995000
2010	0.995000
2011	0.995000
2012	0.995000
2013	0.995000
2014	0.995000
2015	0.995000
2016	0.995000
2017	0.995000
2018	0.995000
2019	0.995000
2020	0.995000
2021	0.995000
2022	0.995000
2023	0.995000
2024	0.995000
2025	0.995000
2026	0.995000
2027	0.995000
2028	0.995000
2029	0.995000
2030	0.995000
2031	0.995000
2032	0.995000
2033	0.995000
2034	0.995000
2035	0.995000
2036	0.995000
2037	0.995000
2038	0.995000
2039	0.995000
2040	0.995000
2041	0.995000
2042	0.995000
2043	0.995000
2044	0.995000
2045	0.995000
2046	0.995000
2047	0.995000
2048	0.995000
2049	0.995000
2050	0.995000
2051	0.995000
2052	0.995000
2053	0.995000
2054	0.995000
2055	0.995000
2056	0.995000
2057	0.995000
2058	0.995000
2059	0.995000
2060	0.995000
2061	0.995000
2062	0.995000
2063	0.995000
2064	0.995000
2065	0.995000
2066	0.995000
2067	0.995000
2068	0.995000
2069	0.995000
2070	0.995000
2071	0.995000
2072	0.995000
2073	0.995000
2074	0.995000
2075	0.995000
2076	0.995000
2077	0.995000
2078	0.995000
2079	0.995000
2080	0.995000
2081	0.995000
2082	0.995000
2083	0.995000
2084	0.995000
2085	0.995000
2086	0.995000
2087	0.995000
2088	0.995000
2089	0.995000
2090	0.995000
2091	0.995000
2092	0.995000
2093	0.995000
2094	0.995000
2095	0.995000
2096	0.995000
2097	0.995000
2098	0.995000
2099	0.995000
2100	0.995000
2101	0.995000
2102	0.995000
2103	0.995000
2104	0.995000
2105	0.995000
2106	0.995000
2107	0.995000
2108	0.995000
2109	0.995000
2110	0.995000
2111	0.995000
2112	0.995000
2113	0.995000
2114	0.995000
2115	0.995000
2116	0.995000
2117	0.995000
2118	0.995000
2119	0.995000
2120	0.995000
2121	0.995000
2122	0.995000
2123	0.995000
2124	0.995000
2125	0.995000
2126	0.995000
2127	0.995000
2128	0.995000
2129	0.995000
2130	0.995000
2131	0.995000
2132	0.995000
2133	0.995000
2134	0.995000
2135	0.995000
2136	0.995000
2137	0.995000
2138	0.995000
2139	0.995000
2140	0.995000
2141	0.995000
2142	0.995000
2143	0.995000
2144	0.995000
2145	0.995000
2146	0.995000
2147	0.995000
2148	0.995000
2149	0.995000
2150	0.995000
2151	0.995000
2152	0.995000
2153	0.995000
2154	0.995000
2155	0.995000
2156	0.995000
2157	0.995000
2158	0.995000
2159	0.995000
2160	0.995000
2161	0.995000
2162	0.995000
2163	0.995000
2164	0.995000
2165	0.995000
2166	0.995000
2167	0.995000
2168	0.995000
2169	0.995000
2170	0.995000
2171	0.995000
2172	0.995000
2173	0.995000
2174	0.995000
2175	0.995000
2176	0.995000
2177	0.995000
2178	0.995000
2179	0.995000
2180	0.995000
2181	0.995000
2182	0.995000
2183	0.995000
2184	0.995000
2185	0.995000
2186	0.995000
2187	0.995000
2188	0.995000
2189	0.995000
2190	0.995000
2191	0.995000
2192	0.995000
2193	0.995000
2194	0.995000
2195	0.995000
2196	0.995000
2197	0.995000
2198	0.995000
2199	0.995000
2200	0.995000
2201	0.995000
2202	0.995000
2203	0.995000
2204	0.995000
2205	0.995000
2206	0.995000
2207	0.995000
2208	0.995000
2209	0.995000
2210	0.995000
2211	0.995000
2212	0.995000
2213	0.995000
2214	0.995000
2215	0.995000
2216	0.995000
2217	0.995000
2218	0.995000
2219	0.995000
2220	0.995000
2221	0.995000
2222	0.995000
2223	0.995000
2224	0.995000
2225	0.990000
2226	0.990000
2227	0.990000
2228	0.990000
2229	0.990000
2230	0.990000
2231	0.990000
2232	0.990000
2233	0.990000
2234	0.990000
2235	0.990000
2236	0.990000
2237	0.990000
2238	0.990000
2239	0.990000
2240	0.990000
2241	0.990000
2242	0.990000
2243	0.990000
2244	0.990000
2245	0.990000
2246	0.990000
2247	0.990000
2248	0.990000
2249	0.990000
2250	0.990000
2251	0.990000
2252	0.990000
2253	0.990000
2254	0.990000
2255	0.990000
2256	0.990000
2257	0.990000
2258	0.990000
2259	0.990000
2260	0.990000
2261	0.990000
2262	0.990000
2263	0.990000
2264	0.990000
2265	0.990000
2266	0.990000
2267	0.990000
2268	0.990000
2269	0.990000
2270	0.990000
2271	0.990000
2272	0.990000
2273	0.990000
2274	0.990000
2275	0.990000
2276	0.990000
2277	0.990000
2278	0.990000
2279	0.990000
2280	0.990000
2281	0.990000
2282	0.990000
2283	0.990000
2284	0.990000
2285	0.990000
2286	0.990000
2287	0.990000
2288	0.990000
2289	0.990000
2290	0.990000
2291	0.990000
2292	0.990000
2293	0.990000
2294	0.990000
2295	0.990000
2296	0.990000
2297	0.990000
2298	0.990000
2299	0.990000
2300	0.990000
2301	0.990000
2302	0.990000
2303	0.990000
2304	0.990000
2305	0.990000
2306	0.990000
2307	0.990000
2308	0.990000
2309	0.990000
2310	0.990000
2311	0.990000
2312	0.990000
2313	0.990000
2314	0.990000
2315	0.990000
2316	0.990000
2317	0.990000
2318	0.990000
2319	0.990000
2320	0.990000
2321	0.990000
2322	0.990000
2323	0.990000
2324	0.990000
2325	0.990000
2326	0.990000
2327	0.990000
2328	0.990000
2329	0.990000
2330	0.990000
2331	0.990000
2332	0.990000
2333	0.990000
2334	0.990000
2335	0.990000
2336	0.990000
2337	0.990000
2338	0.990000
2339	0.990000
2340	0.990000
2341	0.990000
2342	0.990000
2343	0.990000
2344	0.990000
2345	0.990000
2346	0.990000
2347	0.990000
2348	0.990000
2349	0.990000
2350	0.990000
2351	0.990000
2352	0.990000
2353	0.990000
2354	0.990000
2355	0.990000
2356	0.990000
2357	0.990000
2358	0.990000
2359	0.990000
2360	0.990000
2361	0.990000
2362	0.990000
2363	0.990000
2364	0.990000
2365	0.990000
2366	0.990000
2367	0.990000
2368	0.990000
2369	0.990000
2370	0.990000
2371	0.990000
2372	0.990000
2373	0.990000
2374	0.990000
2375	0.990000
2376	0.990000
2377	0.990000
2378	0.990000
2379	0.990000
2380	0.990000
2381	0.990000
2382	0.990000
2383	0.990000
2384	0.990000
2385	0.990000
2386	0.990000
2387	0.990000
2388	0.990000
2389	0.990000
2390	0.990000
2391	0.990000
2392	0.990000
2393	0.990000
2394	0.990000
2395	0.990000
2396	0.990000
2397	0.990000
2398	0.990000
2399	0.990000
2400	0.990000
2401	0.990000
2402	0.990000
2403	0.990000
2404	0.990000
2405	0.990000
2406	0.990000
2407	0.990000
2408	0.990000
2409	0.990000
2410	0.990000
2411	0.990000
2412	0.990000
2413	0.990000
2414	0.990000
2415	0.990000
2416	0.990000
2417	0.990000
2418	0.990000
2419	0.990000
2420	0.990000
2421	0.990000
2422	0.990000
2423	0.990000
2424	0.990000
2425	0.990000
2426	0.990000
2427	0.990000
2428	0.990000
2429	0.990000
2430	0.990000
2431	0.990000
2432	0.990000
2433	0.990000
2434	0.990000
2435	0.990000
2436	0.990000
2437	0.990000
2438	0.990000
2439	0.990000
2440	0.990000
2441	0.990000
2442	0.990000
2443	0.990000
2444	0.990000
2445	0.990000
2446	0.990000
2447	0.990000
2448	0.990000
2449	0.990000
2450	0.990000
2451	0.990000
2452	0.990000
2453	0.990000
2454	0.990000
2455	0.990000
2456	0.990000
2457	0.990000
2458	0.990000
2459	0.990000
2460	0.990000
2461	0.990000
2462	0.990000
2463	0.990000
2464	0.990000
2465	0.990000
2466	0.990000
2467	0.990000
2468	0.990000
2469	0.990000
2470	0.990000
2471	0.990000
2472	0.990000
2473	0.990000
2474	0.990000
2475	0.990000
2476	0.990000
2477	0.990000
2478	0.990000
2479	0.990000
2480	0.990000
2481	0.990000
2482	0.990000
2483	0.990000
2484	0.990000
2485	0.990000
2486	0.990000
2487	0.990000
2488	0.990000
2489	0.990000
2490	0.990000
2491	0.990000
2492	0.990000
2493	0.990000
2494	0.990000
2495	0.990000
2496	0.990000
2497	0.990000
2498	0.990000
2499	0.990000
2500	0.990000
2501	0.990000
2502	0.990000
2503	0.990000
2504	0.990000
2505	0.990000
2506	0.990000
2507	0.990000
2508	0.990000
2509	0.990000
2510	0.990000
2511	0.990000
2512	0.990000
2513	0.990000
2514	0.990000
2515	0.990000
2516	0.990000
2517	0.990000
2518	0.990000
2519	0.990000
2520	0.990000
2521	0.990000
2522	0.990000
2523	0.990000
2524	0.990000
2525	0.990000
2526	0.990000
2527	0.990000
2528	0.990000
2529	0.990000
2530	0.990000
2531	0.990000
2532	0.990000
2533	0.990000
2534	0.990000
2535	0.990000
2536	0.990000
2537	0.990000
2538	0.990000
2539	0.990000
2540	0.990000
2541	0.990000
2542	0.990000
2543	0.990000
2544	0.990000
2545	0.990000
2546	0.990000
2547	0.990000
2548	0.990000
2549	0.990000
2550	0.990000
2551	0.990000
2552	0.990000
2553	0.990000
2554	0.990000
2555	0.990000
2556	0.990000
2557	0.990000
2558	0.990000
2559	0.990000
2560	0.990000
2561	0.990000
2562	0.990000
2563	0.990000
2564	0.990000
2565	0.990000
2566	0.990000
2567	0.990000
2568	0.990000
2569	0.990000
2570	0.990000
2571	0.990000
2572	0.990000
2573	0.990000
2574	0.990000
2575	0.990000
2576	0.990000
2577	0.990000
2578	0.990000
2579	0.990000
2580	0.990000
2581	0.990000
2582	0.990000
2583	0.990000
2584	0.990000
2585	0.990000
2586	0.990000
2587	0.990000
2588	0.990000
2589	0.990000
2590	0.990000
2591	0.990000
2592	0.990000
2593	0.990000
2594	0.990000
2595	0.990000
2596	0.990000
2597	0.990000
2598	0.990000
2599	0.990000
2600	0.990000
2601	0.990000
2602	0.990000
2603	0.990000
2604	0.990000
2605	0.990000
2606	0.990000
2607	0.990000
2608	0.990000
2609	0.990000
2610	0.990000
2611	0.990000
2612	0.990000
2613	0.990000
2614	0.990000
2615	0.990000
2616	0.990000
2617	0.990000
2618	0.990000
2619	0.990000
2620	0.990000
2621	0.990000
2622	0.990000
2623	0.990000
2624	0.990000
2625	0.990000
2626	0.990000
2627	0.990000
2628	0.990000
2629	0.990000
2630	0.990000
2631	0.990000
2632	0.990000
2633	0.990000
2634	0.990000
2635	0.990000
2636	0.990000
2637	0.990000
2638	0.990000
2639	0.990000
2640	0.990000
2641	0.990000
2642	0.990000
2643	0.990000
2644	0.990000
2645	0.990000
2646	0.990000
2647	0.990000
2648	0.990000
2649	0.990000
2650	0.990000
2651	0.990000
2652	0.990000
2653	0.990000
2654	0.990000
2655	0.990000
2656	0.990000
2657	0.990000
2658	0.990000
2659	0.990000
2660	0.990000
2661	0.990000
2662	0.990000
2663	0.990000
2664	0.990000
2665	0.990000
2666	0.990000
2667	0.990000
2668	0.990000
2669	0.990000
2670	0.990000
2671	0.990000
2672	0.990000
2673	0.990000
2674	0.990000
2675	0.990000
2676	0.990000
2677	0.990000
2678	0.990000
2679	0.990000
2680	0.990000
2681	0.990000
2682	0.990000
2683	0.990000
2684	0.990000
2685	0.990000
2686	0.990000
2687	0.990000
2688	0.990000
2689	0.990000
2690	0.990000
2691	0.990000
2692	0.990000
2693	0.990000
2694	0.990000
2695	0.990000
2696	0.990000
2697	0.990000
2698	0.990000
2699	0.990000
2700	0.990000
2701	0.990000
2702	0.990000
2703	0.990000
2704	0.990000
2705	0.990000
2706	0.990000
2707	0.990000
2708	0.990000
2709	0.990000
2710	0.990000
2711	0.990000
2712	0.990000
2713	0.990000
2714	0.990000
2715	0.990000
2716	0.990000
2717	0.990000
2718	0.990000
2719	0.990000
2720	0.990000
2721	0.990000
2722	0.990000
2723	0.990000
2724	0.990000
2725	0.990000
2726	0.990000
2727	0.990000
2728	0.990000
2729	0.990000
2730	0.990000
2731	0.990000
2732	0.990000
2733	0.990000
2734	0.990000
2735	0.990000
2736	0.990000
2737	0.990000
2738	0.990000
2739	0.990000
2740	0.990000
2741	0.990000
2742	0.990000
2743	0.990000
2744	0.990000
2745	0.990000
2746	0.990000
2747	0.990000
2748	0.990000
2749	0.990000
2750	0.990000
2751	0.990000
2752	0.990000
2753	0.990000
2754	0.990000
2755	0.990000
2756	0.990000
2757	0.990000
2758	0.990000
2759	0.990000
2760	0.990000
2761	0.990000
2762	0.990000
2763	0.990000
2764	0.990000
2765	0.990000
2766	0.990000
2767	0.990000
2768	0.990000
2769	0.990000
2770	0.990000
2771	0.990000
2772	0.990000
2773	0.990000
2774	0.990000
2775	0.990000
2776	0.990000
2777	0.990000
2778	0.990000
2779	0.990000
2780	0.990000
2781	0.990000
2782	0.990000
2783	0.990000
2784	0.990000
2785	0.990000
2786	0.990000
2787	0.990000
2788	0.990000
2789	0.990000
2790	0.990000
2791	0.990000
2792	0.990000
2793	0.990000
2794	0.990000
2795	0.990000
2796	0.990000
2797	0.990000
2798	0.990000
2799	0.990000
2800	0.990000
2801	0.990000
2802	0.990000
2803	0.990000
2804	0.990000
2805	0.990000
2806	0.990000
2807	0.990000
2808	0.990000
2809	0.990000
2810	0.990000
2811	0.990000
2812	0.990000
2813	0.990000
2814	0.990000
2815	0.990000
2816	0.990000
2817	0.990000
2818	0.990000
2819	0.990000
2820	0.990000
2821	0.990000
2822	0.990000
2823	0.990000
2824	0.990000
2825	0.990000
2826	0.990000
2827	0.990000
2828	0.990000
2829	0.990000
2830	0.990000
2831	0.990000
2832	0.990000
2833	0.990000
2834	0.990000
2835	0.990000
2836	0.990000
2837	0.990000
2838	0.990000
2839	0.990000
2840	0.990000
2841	0.990000
2842	0.990000
2843	0.990000
2844	0.990000
2845	0.990000
2846	0.990000
2847	0.990000
2848	0.990000
2849	0.990000
2850	0.990000
2851	0.990000
2852	0.990000
2853	0.990000
2854	0.990000
2855	0.990000
2856	0.990000
2857	0.990000
2858	0.990000
2859	0.990000
2860	0.990000
2861	0.990000
2862	0.990000
2863	0.990000
2864	0.990000
2865	0.990000
2866	0.990000
2867	0.990000
2868	0.990000
2869	0.990000
2870	0.990000
2871	0.990000
2872	0.990000
2873	0.990000
2874	0.990000
2875	0.990000
2876	0.990000
2877	0.990000
2878	0.990000
2879	0.990000
2880	0.990000
2881	0.990000
2882	0.990000
2883	0.990000
2884	0.990000
2885	0.990000
2886	0.990000
2887	0.990000
2888	0.990000
2889	0.990000
2890	0.990000
2891	0.990000
2892	0.990000
2893	0.990000
2894	0.990000
2895	0.990000
2896	0.990000
2897	0.990000
2898	0.990000
2899	0.990000
2900	0.990000
2901	0.990000
2902	0.990000
2903	0.990000
2904	0.990000
2905	0.990000
2906	0.990000
2907	0.990000
2908	0.990000
2909	0.990000
2910	0.990000
2911	0.990000
2912	0.990000
2913	0.990000
2914	0.990000
2915	0.990000
2916	0.990000
2917	0.990000
2918	0.990000
2919	0.990000
2920	0.990000
2921	0.990000
2922	0.990000
2923	0.990000
2924	0.990000
2925	0.990000
2926	0.990000
2927	0.990000
2928	0.990000
2929	0.990000
2930	0.990000
2931	0.990000
2932	0.990000
2933	0.990000
2934	0.990000
2935	0.990000
2936	0.990000
2937	0.990000
2938	0.990000
2939	0.990000
2940	0.990000
2941	0.990000
2942	0.990000
2943	0.990000
2944	0.990000
2945	0.990000
2946	0.990000
2947	0.990000
2948	0.990000
2949	0.990000
2950	0.990000
2951	0.990000
2952	0.990000
2953	0.990000
2954	0.990000
2955	0.990000
2956	0.990000
2957	0.990000
2958	0.990000
2959	0.990000
2960	0.990000
2961	0.990000
2962	0.990000
2963	0.990000
2964	0.990000
2965	0.990000
2966	0.990000
2967	0.990000
2968	0.990000
2969	0.990000
2970	0.990000
2971	0.990000
2972	0.990000
2973	0.990000
2974	0.990000
2975	0.990000
2976	0.990000
2977	0.990000
2978	0.990000
2979	0.990000
2980	0.990000
2981	0.990000
2982	0.990000
2983	0.990000
2984	0.990000
2985	0.990000
2986	0.990000
2987	0.990000
2988	0.990000
2989	0.990000
2990	0.990000
2991	0.990000
2992	0.990000
2993	0.990000
2994	0.990000
2995	0.990000
2996	0.990000
2997	0.990000
2998	0.990000
2999	0.990000
3000	0.990000
3001	0.990000
3002	0.990000
3003	0.990000
3004	0.990000
3005	0.990000
3006	0.990000
3007	0.990000
3008	0.990000
3009	0.990000
3010	0.990000
3011	0.990000
3012	0.990000
3013	0.990000
3014	0.990000
3015	0.990000
3016	0.990000
3017	0.990000
3018	0.990000
3019	0.990000
3020	0.990000
3021	0.990000
3022	0.990000
3023	0.990000
3024	0.990000
3025	0.990000
3026	0.990000
3027	0.990000
3028	0.990000
3029	0.990000
3030	0.990000
3031	0.990000
3032	0.990000
3033	0.990000
3034	0.990000
3035	0.990000
3036	0.990000
3037	0.990000
3038	0.990000
3039	0.990000
3040	0.990000
3041	0.990000
3042	0.990000
3043	0.990000
3044	0.990000
3045	0.990000
3046	0.990000
3047	0.990000
3048	0.990000
3049	0.990000
3050	0.990000
3051	0.990000
3052	0.990000
3053	0.990000
3054	0.990000
3055	0.990000
3056	0.990000
3057	0.990000
3058	0.990000
3059	0.990000
3060	0.990000
3061	0.990000
3062	0.990000
3063	0.990000
3064	0.990000
3065	0.990000
3066	0.990000
3067	0.990000
3068	0.990000
3069	0.990000
3070	0.990000
3071	0.990000
3072	0.990000
3073	0.990000
3074	0.990000
3075	0.990000
3076	0.990000
3077	0.990000
3078	0.990000
3079	0.990000
3080	0.990000
3081	0.990000
3082	0.990000
3083	0.990000
3084	0.990000
3085	0.990000
3086	0.990000
3087	0.990000
3088	0.990000
3089	0.990000
3090	0.990000
3091	0.990000
3092	0.990000
3093	0.990000
3094	0.990000
3095	0.990000
3096	0.990000
3097	0.990000
3098	0.990000
3099	0.990000
3100	0.990000
3101	0.990000
3102	0.990000
3103	0.990000
3104	0.990000
3105	0.990000
3106	0.990000
3107	0.990000
3108	0.990000
3109	0.990000
3110	0.990000
3111	0.990000
3112	0.990000
3113	0.990000
3114	0.990000
3115	0.990000
3116	0.990000
3117	0.990000
3118	0.990000
3119	0.995000
3120	0.995000
3121	0.995000
3122	0.995000
3123	0.995000
3124	0.995000
3125	0.995000
3126	0.995000
3127	0.995000
3128	0.995000
3129	0.995000
3130	0.995000
3131	0.995000
3132	0.995000
3133	0.995000
3134	0.995000
3135	0.995000
3136	0.995000
3137	0.995000
3138	0.995000
3139	0.995000
3140	0.995000
3141	0.995000
3142	0.990000
3143	0.990000
3144	0.990000
3145	0.990000
3146	0.990000
3147	0.990000
3148	0.990000
3149	0.990000
3150	0.990000
3151	0.990000
3152	0.990000
3153	0.990000
3154	0.990000
3155	0.990000
3156	0.990000
3157	0.990000
3158	0.990000
3159	0.990000
3160	0.990000
3161	0.990000
3162	0.990000
3163	0.990000
3164	0.990000
3165	0.990000
3166	0.990000
3167	0.990000
3168	0.990000
3169	0.990000
3170	0.990000
3171	0.990000
3172	0.990000
3173	0.990000
3174	0.990000
3175	0.990000
3176	0.990000
3177	0.990000
3178	0.990000
3179	0.990000
3180	0.990000
3181	0.990000
3182	0.990000
3183	0.990000
3184	0.990000
3185	0.990000
3186	0.990000
3187	0.990000
3188	0.990000
3189	0.990000
3190	0.990000
3191	0.990000
3192	0.990000
3193	0.990000
3194	0.990000
3195	0.990000
3196	0.990000
3197	0.990000
3198	0.990000
3199	0.990000
3200	0.990000
3201	0.990000
3202	0.990000
3203	0.990000
3204	0.990000
3205	0.990000
3206	0.990000
3207	0.990000
3208	0.990000
3209	0.990000
3210	0.990000
3211	0.990000
3212	0.990000
3213	0.990000
3214	0.990000
3215	0.990000
3216	0.990000
3217	0.990000
3218	0.990000
3219	0.990000
3220	0.990000
3221	0.990000
3222	0.990000
3223	0.990000
3224	0.990000
3225	0.990000
3226	0.990000
3227	0.990000
3228	0.990000
3229	0.990000
3230	0.990000
3231	0.990000
3232	0.990000
3233	0.990000
3234	0.990000
3235	0.990000
3236	0.990000
3237	0.990000
3238	0.990000
3239	0.990000
3240	0.990000
3241	0.990000
3242	0.990000
3243	0.990000
3244	0.990000
3245	0.990000
3246	0.990000
3247	0.990000
3248	0.990000
3249	0.990000
3250	0.990000
3251	0.990000
3252	0.990000
3253	0.990000
3254	0.990000
3255	0.990000
3256	0.990000
3257	0.990000
3258	0.990000
3259	0.990000
3260	0.990000
3261	0.990000
3262	0.990000
3263	0.990000
3264	0.990000
3265	0.990000
3266	0.990000
3267	0.990000
3268	0.990000
3269	0.990000
3270	0.990000
3271	0.990000
3272	0.990000
3273	0.990000
3274	0.990000
3275	0.990000
3276	0.990000
3277	0.990000
3278	0.990000
3279	0.990000
3280	0.990000
3281	0.990000
3282	0.990000
3283	0.990000
3284	0.990000
3285	0.990000
3286	0.990000
3287	0.990000
3288	0.990000
3289	0.990000
3290	0.990000
3291	0.990000
3292	0.990000
3293	0.990000
3294	0.990000
3295	0.990000
3296	0.990000
3297	0.990000
3298	0.990000
3299	0.990000
3300	0.990000
3301	0.990000
3302	0.990000
3303	0.990000
3304	0.990000
3305	0.990000
3306	0.990000
3307	0.990000
3308	0.990000
3309	0.990000
3310	0.990000
3311	0.990000
3312	0.990000
3313	0.990000
3314	0.990000
3315	0.990000
3316	0.990000
3317	0.990000
3318	0.990000
3319	0.990000
3320	0.990000
3321	0.990000
3322	0.990000
3323	0.990000
3324	0.990000
3325	0.990000
3326	0.990000
3327	0.990000
3328	0.990000
3329	0.990000
3330	0.990000
3331	0.990000
3332	0.990000
3333	0.990000
3334	0.990000
3335	0.990000
3336	0.990000
3337	0.990000
3338	0.990000
3339	0.990000
3340	0.990000
3341	0.990000
3342	0.990000
3343	0.990000
3344	0.990000
3345	0.990000
3346	0.990000
3347	0.990000
3348	0.990000
3349	0.990000
3350	0.990000
3351	0.990000
3352	0.990000
3353	0.990000
3354	0.990000
3355	0.990000
3356	0.990000
3357	0.990000
3358	0.990000
3359	0.990000
3360	0.990000
3361	0.990000
3362	0.990000
3363	0.990000
3364	0.990000
3365	0.990000
3366	0.990000
3367	0.990000
3368	0.990000
3369	0.990000
3370	0.990000
3371	0.990000
3372	0.990000
3373	0.990000
3374	0.990000
3375	0.990000
3376	0.990000
3377	0.990000
3378	0.990000
3379	0.990000
3380	0.990000
3381	0.990000
3382	0.990000
3383	0.990000
3384	0.990000
3385	0.990000
3386	0.990000
3387	0.990000
3388	0.990000
3389	0.990000
3390	0.990000
3391	0.990000
3392	0.990000
3393	0.990000
3394	0.990000
3395	0.990000
3396	0.990000
3397	0.990000
3398	0.990000
3399	0.990000
3400	0.990000
3401	0.990000
3402	0.990000
3403	0.990000
3404	0.990000
3405	0.990000
3406	0.990000
3407	0.990000
3408	0.990000
3409	0.990000
3410	0.990000
3411	0.990000
3412	0.990000
3413	0.990000
3414	0.990000
3415	0.990000
3416	0.990000
3417	0.990000
3418	0.990000
3419	0.990000
3420	0.990000
3421	0.990000
3422	0.990000
3423	0.990000
3424	0.990000
3425	0.990000
3426	0.990000
3427	0.990000
3428	0.990000
3429	0.990000
3430	0.990000
3431	0.990000
3432	0.990000
3433	0.990000
3434	0.990000
3435	0.990000
3436	0.990000
3437	0.990000
3438	0.990000
3439	0.990000
3440	0.990000
3441	0.990000
3442	0.990000
3443	0.990000
3444	0.990000
3445	0.990000
3446	0.990000
3447	0.990000
3448	0.990000
3449	0.990000
3450	0.990000
3451	0.990000
3452	0.990000
3453	0.990000
3454	0.990000
3455	0.995000
3456	0.995000
3457	0.995000
3458	0.995000
3459	0.990000
3460	0.990000
3461	0.990000
3462	0.990000
3463	0.990000
3464	0.990000
3465	0.990000
3466	0.990000
3467	0.990000
3468	0.990000
3469	0.990000
3470	0.990000
3471	0.995000
3472	0.995000
3473	0.995000
3474	0.995000
3475	1.000000
3476	1.000000
3477	1.000000
3478	1.000000
3479	1.000000
3480	1.000000
3481	1.000000
3482	1.000000
3483	1.000000
3484	1.000000
3485	1.000000
3486	1.000000
3487	1.000000
3488	1.000000
3489	1.000000
3490	1.000000
3491	1.000000
3492	1.000000
3493	1.000000
3494	1.000000
3495	1.000000
3496	1.000000
3497	1.000000
3498	1.000000
3499	1.000000
3500	1.000000
