1	0.620000
2	0.620000
3	0.620000
4	0.620000
5	0.620000
6	0.625000
7	0.625000
8	0.630000
9	0.630000
10	0.630000
11	0.630000
12	0.630000
13	0.630000
14	0.630000
15	0.630000
16	0.630000
17	0.630000
18	0.630000
19	0.630000
20	0.630000
21	0.630000
22	0.635000
23	0.645000
24	0.645000
25	0.645000
26	0.645000
27	0.650000
28	0.650000
29	0.650000
30	0.650000
31	0.650000
32	0.650000
33	0.650000
34	0.650000
35	0.650000
36	0.650000
37	0.650000
38	0.650000
39	0.650000
40	0.650000
41	0.650000
42	0.650000
43	0.650000
44	0.655000
45	0.655000
46	0.670000
47	0.670000
48	0.670000
49	0.675000
50	0.675000
51	0.675000
52	0.680000
53	0.680000
54	0.680000
55	0.685000
56	0.685000
57	0.685000
58	0.690000
59	0.695000
60	0.695000
61	0.700000
62	0.705000
63	0.705000
64	0.705000
65	0.710000
66	0.705000
67	0.705000
68	0.705000
69	0.710000
70	0.710000
71	0.710000
72	0.710000
73	0.710000
74	0.710000
75	0.715000
76	0.715000
77	0.715000
78	0.715000
79	0.715000
80	0.715000
81	0.715000
82	0.715000
83	0.715000
84	0.715000
85	0.715000
86	0.720000
87	0.720000
88	0.720000
89	0.720000
90	0.725000
91	0.725000
92	0.725000
93	0.725000
94	0.725000
95	0.725000
96	0.730000
97	0.730000
98	0.730000
99	0.735000
100	0.735000
101	0.740000
102	0.740000
103	0.740000
104	0.740000
105	0.740000
106	0.740000
107	0.745000
108	0.745000
109	0.745000
110	0.745000
111	0.745000
112	0.750000
113	0.760000
114	0.770000
115	0.770000
116	0.770000
117	0.770000
118	0.775000
119	0.775000
120	0.780000
121	0.780000
122	0.780000
123	0.780000
124	0.780000
125	0.780000
126	0.780000
127	0.780000
128	0.780000
129	0.780000
130	0.780000
131	0.780000
132	0.780000
133	0.790000
134	0.790000
135	0.790000
136	0.790000
137	0.790000
138	0.790000
139	0.790000
140	0.790000
141	0.790000
142	0.790000
143	0.790000
144	0.795000
145	0.795000
146	0.795000
147	0.795000
148	0.800000
149	0.800000
150	0.800000
151	0.800000
152	0.800000
153	0.800000
154	0.800000
155	0.805000
156	0.805000
157	0.805000
158	0.805000
159	0.805000
160	0.805000
161	0.805000
162	0.805000
163	0.805000
164	0.805000
165	0.805000
166	0.805000
167	0.805000
168	0.810000
169	0.810000
170	0.810000
171	0.810000
172	0.810000
173	0.810000
174	0.810000
175	0.810000
176	0.810000
177	0.810000
178	0.815000
179	0.815000
180	0.810000
181	0.810000
182	0.810000
183	0.810000
184	0.810000
185	0.810000
186	0.815000
187	0.815000
188	0.815000
189	0.815000
190	0.815000
191	0.815000
192	0.815000
193	0.815000
194	0.815000
195	0.815000
196	0.815000
197	0.815000
198	0.815000
199	0.815000
200	0.815000
201	0.815000
202	0.815000
203	0.815000
204	0.815000
205	0.820000
206	0.820000
207	0.820000
208	0.815000
209	0.815000
210	0.815000
211	0.815000
212	0.820000
213	0.820000
214	0.825000
215	0.825000
216	0.825000
217	0.825000
218	0.825000
219	0.830000
220	0.835000
221	0.835000
222	0.840000
223	0.840000
224	0.840000
225	0.840000
226	0.840000
227	0.840000
228	0.840000
229	0.840000
230	0.840000
231	0.840000
232	0.840000
233	0.840000
234	0.840000
235	0.840000
236	0.840000
237	0.840000
238	0.840000
239	0.845000
240	0.845000
241	0.845000
242	0.845000
243	0.845000
244	0.845000
245	0.845000
246	0.845000
247	0.845000
248	0.845000
249	0.845000
250	0.845000
251	0.845000
252	0.845000
253	0.845000
254	0.845000
255	0.845000
256	0.845000
257	0.845000
258	0.845000
259	0.845000
260	0.845000
261	0.845000
262	0.845000
263	0.845000
264	0.845000
265	0.845000
266	0.845000
267	0.845000
268	0.845000
269	0.845000
270	0.850000
271	0.850000
272	0.850000
273	0.850000
274	0.855000
275	0.850000
276	0.850000
277	0.855000
278	0.855000
279	0.855000
280	0.855000
281	0.855000
282	0.855000
283	0.855000
284	0.855000
285	0.855000
286	0.855000
287	0.855000
288	0.855000
289	0.855000
290	0.855000
291	0.860000
292	0.860000
293	0.860000
294	0.860000
295	0.860000
296	0.860000
297	0.860000
298	0.860000
299	0.860000
300	0.860000
301	0.860000
302	0.860000
303	0.860000
304	0.865000
305	0.865000
306	0.865000
307	0.865000
308	0.865000
309	0.865000
310	0.865000
311	0.865000
312	0.865000
313	0.865000
314	0.865000
315	0.865000
316	0.865000
317	0.865000
318	0.870000
319	0.870000
320	0.870000
321	0.870000
322	0.870000
323	0.870000
324	0.870000
325	0.870000
326	0.870000
327	0.870000
328	0.870000
329	0.875000
330	0.875000
331	0.875000
332	0.880000
333	0.880000
334	0.880000
335	0.885000
336	0.890000
337	0.890000
338	0.890000
339	0.890000
340	0.890000
341	0.890000
342	0.890000
343	0.890000
344	0.890000
345	0.890000
346	0.890000
347	0.890000
348	0.890000
349	0.890000
350	0.890000
351	0.890000
352	0.900000
353	0.900000
354	0.900000
355	0.900000
356	0.900000
357	0.900000
358	0.900000
359	0.900000
360	0.900000
361	0.900000
362	0.900000
363	0.900000
364	0.900000
365	0.905000
366	0.905000
367	0.905000
368	0.905000
369	0.905000
370	0.905000
371	0.905000
372	0.905000
373	0.905000
374	0.905000
375	0.905000
376	0.905000
377	0.905000
378	0.905000
379	0.905000
380	0.905000
381	0.905000
382	0.905000
383	0.905000
384	0.905000
385	0.905000
386	0.905000
387	0.905000
388	0.905000
389	0.905000
390	0.905000
391	0.905000
392	0.905000
393	0.905000
394	0.905000
395	0.905000
396	0.905000
397	0.905000
398	0.905000
399	0.905000
400	0.905000
401	0.905000
402	0.905000
403	0.910000
404	0.910000
405	0.910000
406	0.910000
407	0.910000
408	0.915000
409	0.915000
410	0.915000
411	0.915000
412	0.915000
413	0.915000
414	0.915000
415	0.920000
416	0.920000
417	0.920000
418	0.920000
419	0.920000
420	0.920000
421	0.920000
422	0.920000
423	0.920000
424	0.920000
425	0.920000
426	0.920000
427	0.920000
428	0.920000
429	0.920000
430	0.920000
431	0.920000
432	0.920000
433	0.920000
434	0.920000
435	0.920000
436	0.920000
437	0.920000
438	0.920000
439	0.920000
440	0.920000
441	0.920000
442	0.920000
443	0.920000
444	0.925000
445	0.925000
446	0.930000
447	0.930000
448	0.930000
449	0.930000
450	0.930000
451	0.930000
452	0.930000
453	0.930000
454	0.930000
455	0.930000
456	0.930000
457	0.930000
458	0.930000
459	0.930000
460	0.930000
461	0.930000
462	0.930000
463	0.930000
464	0.930000
465	0.930000
466	0.930000
467	0.930000
468	0.930000
469	0.930000
470	0.930000
471	0.930000
472	0.930000
473	0.930000
474	0.930000
475	0.935000
476	0.935000
477	0.935000
478	0.935000
479	0.935000
480	0.935000
481	0.935000
482	0.935000
483	0.935000
484	0.935000
485	0.935000
486	0.935000
487	0.935000
488	0.935000
489	0.935000
490	0.935000
491	0.935000
492	0.935000
493	0.935000
494	0.935000
495	0.935000
496	0.935000
497	0.935000
498	0.935000
499	0.935000
500	0.935000
501	0.935000
502	0.935000
503	0.935000
504	0.935000
505	0.935000
506	0.935000
507	0.935000
508	0.935000
509	0.935000
510	0.935000
511	0.935000
512	0.935000
513	0.935000
514	0.935000
515	0.935000
516	0.935000
517	0.935000
518	0.935000
519	0.935000
520	0.935000
521	0.935000
522	0.935000
523	0.935000
524	0.935000
525	0.935000
526	0.935000
527	0.935000
528	0.935000
529	0.935000
530	0.935000
531	0.940000
532	0.940000
533	0.940000
534	0.940000
535	0.940000
536	0.940000
537	0.940000
538	0.940000
539	0.940000
540	0.940000
541	0.940000
542	0.940000
543	0.940000
544	0.940000
545	0.940000
546	0.940000
547	0.940000
548	0.940000
549	0.940000
550	0.940000
551	0.940000
552	0.940000
553	0.940000
554	0.940000
555	0.940000
556	0.940000
557	0.940000
558	0.940000
559	0.940000
560	0.940000
561	0.940000
562	0.940000
563	0.940000
564	0.940000
565	0.940000
566	0.940000
567	0.940000
568	0.940000
569	0.940000
570	0.940000
571	0.940000
572	0.940000
573	0.945000
574	0.945000
575	0.945000
576	0.940000
577	0.940000
578	0.940000
579	0.940000
580	0.940000
581	0.940000
582	0.940000
583	0.940000
584	0.940000
585	0.940000
586	0.940000
587	0.940000
588	0.940000
589	0.940000
590	0.940000
591	0.940000
592	0.940000
593	0.940000
594	0.940000
595	0.940000
596	0.940000
597	0.945000
598	0.945000
599	0.945000
600	0.945000
601	0.945000
602	0.945000
603	0.950000
604	0.950000
605	0.950000
606	0.950000
607	0.950000
608	0.950000
609	0.950000
610	0.950000
611	0.950000
612	0.950000
613	0.950000
614	0.950000
615	0.950000
616	0.950000
617	0.950000
618	0.950000
619	0.950000
620	0.950000
621	0.950000
622	0.950000
623	0.950000
624	0.950000
625	0.950000
626	0.950000
627	0.950000
628	0.950000
629	0.950000
630	0.950000
631	0.950000
632	0.950000
633	0.950000
634	0.950000
635	0.950000
636	0.950000
637	0.950000
638	0.950000
639	0.950000
640	0.950000
641	0.950000
642	0.950000
643	0.950000
644	0.950000
645	0.955000
646	0.955000
647	0.955000
648	0.955000
649	0.955000
650	0.955000
651	0.955000
652	0.955000
653	0.955000
654	0.955000
655	0.955000
656	0.955000
657	0.955000
658	0.955000
659	0.955000
660	0.955000
661	0.955000
662	0.955000
663	0.955000
664	0.955000
665	0.955000
666	0.955000
667	0.955000
668	0.955000
669	0.955000
670	0.955000
671	0.955000
672	0.955000
673	0.955000
674	0.955000
675	0.955000
676	0.955000
677	0.955000
678	0.955000
679	0.955000
680	0.955000
681	0.955000
682	0.955000
683	0.955000
684	0.955000
685	0.955000
686	0.955000
687	0.955000
688	0.955000
689	0.955000
690	0.955000
691	0.955000
692	0.955000
693	0.955000
694	0.955000
695	0.955000
696	0.960000
697	0.960000
698	0.960000
699	0.960000
700	0.960000
701	0.960000
702	0.960000
703	0.960000
704	0.960000
705	0.960000
706	0.960000
707	0.960000
708	0.960000
709	0.960000
710	0.960000
711	0.960000
712	0.960000
713	0.960000
714	0.960000
715	0.960000
716	0.960000
717	0.960000
718	0.960000
719	0.960000
720	0.960000
721	0.960000
722	0.960000
723	0.960000
724	0.960000
725	0.960000
726	0.960000
727	0.960000
728	0.960000
729	0.960000
730	0.960000
731	0.960000
732	0.960000
733	0.960000
734	0.960000
735	0.960000
736	0.960000
737	0.960000
738	0.960000
739	0.960000
740	0.960000
741	0.960000
742	0.960000
743	0.960000
744	0.960000
745	0.960000
746	0.960000
747	0.965000
748	0.965000
749	0.965000
750	0.965000
751	0.965000
752	0.965000
753	0.965000
754	0.965000
755	0.965000
756	0.970000
757	0.970000
758	0.970000
759	0.970000
760	0.970000
761	0.970000
762	0.970000
763	0.970000
764	0.970000
765	0.970000
766	0.970000
767	0.970000
768	0.970000
769	0.970000
770	0.975000
771	0.975000
772	0.975000
773	0.975000
774	0.975000
775	0.975000
776	0.975000
777	0.975000
778	0.975000
779	0.975000
780	0.975000
781	0.975000
782	0.975000
783	0.975000
784	0.975000
785	0.975000
786	0.975000
787	0.975000
788	0.975000
789	0.975000
790	0.975000
791	0.975000
792	0.975000
793	0.975000
794	0.975000
795	0.975000
796	0.975000
797	0.975000
798	0.975000
799	0.975000
800	0.975000
801	0.975000
802	0.975000
803	0.975000
804	0.975000
805	0.975000
806	0.975000
807	0.975000
808	0.975000
809	0.975000
810	0.975000
811	0.975000
812	0.975000
813	0.975000
814	0.975000
815	0.975000
816	0.975000
817	0.975000
818	0.975000
819	0.975000
820	0.975000
821	0.975000
822	0.975000
823	0.975000
824	0.975000
825	0.975000
826	0.975000
827	0.975000
828	0.975000
829	0.975000
830	0.975000
831	0.975000
832	0.975000
833	0.975000
834	0.975000
835	0.975000
836	0.975000
837	0.975000
838	0.975000
839	0.975000
840	0.975000
841	0.975000
842	0.975000
843	0.975000
844	0.975000
845	0.975000
846	0.975000
847	0.975000
848	0.975000
849	0.975000
850	0.975000
851	0.975000
852	0.975000
853	0.975000
854	0.975000
855	0.975000
856	0.975000
857	0.975000
858	0.975000
859	0.975000
860	0.975000
861	0.975000
862	0.975000
863	0.975000
864	0.975000
865	0.975000
866	0.980000
867	0.980000
868	0.980000
869	0.980000
870	0.980000
871	0.980000
872	0.980000
873	0.980000
874	0.980000
875	0.980000
876	0.980000
877	0.980000
878	0.980000
879	0.980000
880	0.980000
881	0.980000
882	0.980000
883	0.980000
884	0.980000
885	0.980000
886	0.985000
887	0.985000
888	0.985000
889	0.985000
890	0.985000
891	0.985000
892	0.985000
893	0.985000
894	0.985000
895	0.985000
896	0.985000
897	0.985000
898	0.985000
899	0.990000
900	0.990000
901	0.990000
902	0.990000
903	0.990000
904	0.990000
905	0.990000
906	0.990000
907	0.990000
908	0.990000
909	0.990000
910	0.990000
911	0.990000
912	0.990000
913	0.990000
914	0.990000
915	0.990000
916	0.990000
917	0.990000
918	0.990000
919	0.990000
920	0.990000
921	0.990000
922	0.990000
923	0.990000
924	0.990000
925	0.990000
926	0.990000
927	0.990000
928	0.990000
929	0.990000
930	0.990000
931	0.990000
932	0.990000
933	0.990000
934	0.990000
935	0.990000
936	0.990000
937	0.990000
938	0.990000
939	0.990000
940	0.990000
941	0.990000
942	0.990000
943	0.990000
944	0.990000
945	0.990000
946	0.990000
947	0.990000
948	0.990000
949	0.990000
950	0.990000
951	0.990000
952	0.990000
953	0.990000
954	0.990000
955	0.990000
956	0.990000
957	0.990000
958	0.990000
959	0.990000
960	0.990000
961	0.990000
962	0.990000
963	0.990000
964	0.990000
965	0.990000
966	0.990000
967	0.990000
968	0.990000
969	0.990000
970	0.990000
971	0.990000
972	0.990000
973	0.990000
974	0.990000
975	0.990000
976	0.990000
977	0.990000
978	0.990000
979	0.990000
980	0.990000
981	0.990000
982	0.990000
983	0.990000
984	0.990000
985	0.990000
986	0.990000
987	0.990000
988	0.990000
989	0.990000
990	0.990000
991	0.990000
992	0.990000
993	0.990000
994	0.990000
995	0.990000
996	0.990000
997	0.990000
998	0.990000
999	0.990000
1000	0.990000
1001	0.990000
1002	0.990000
1003	0.990000
1004	0.990000
1005	0.990000
1006	0.990000
1007	0.990000
1008	0.990000
1009	0.990000
1010	0.990000
1011	0.990000
1012	0.990000
1013	0.990000
1014	0.990000
1015	0.990000
1016	0.990000
1017	0.990000
1018	0.990000
1019	0.990000
1020	0.990000
1021	0.990000
1022	0.990000
1023	0.990000
1024	0.990000
1025	0.990000
1026	0.990000
1027	0.990000
1028	0.990000
1029	0.990000
1030	0.990000
1031	0.990000
1032	0.990000
1033	0.990000
1034	0.990000
1035	0.990000
1036	0.990000
1037	0.990000
1038	0.990000
1039	0.990000
1040	0.990000
1041	0.990000
1042	0.990000
1043	0.990000
1044	0.990000
1045	0.990000
1046	0.990000
1047	0.990000
1048	0.990000
1049	0.990000
1050	0.990000
1051	0.990000
1052	0.990000
1053	0.990000
1054	0.990000
1055	0.990000
1056	0.990000
1057	0.990000
1058	0.990000
1059	0.990000
1060	0.990000
1061	0.990000
1062	0.990000
1063	0.990000
1064	0.990000
1065	0.990000
1066	0.990000
1067	0.990000
1068	0.990000
1069	0.990000
1070	0.990000
1071	0.990000
1072	0.990000
1073	0.990000
1074	0.990000
1075	0.990000
1076	0.990000
1077	0.990000
1078	0.990000
1079	0.990000
1080	0.990000
1081	0.990000
1082	0.990000
1083	0.990000
1084	0.990000
1085	0.990000
1086	0.990000
1087	0.990000
1088	0.990000
1089	0.990000
1090	0.990000
1091	0.990000
1092	0.990000
1093	0.990000
1094	0.990000
1095	0.990000
1096	0.990000
1097	0.990000
1098	0.990000
1099	0.990000
1100	0.990000
1101	0.990000
1102	0.990000
1103	0.990000
1104	0.990000
1105	0.990000
1106	0.990000
1107	0.990000
1108	0.990000
1109	0.990000
1110	0.990000
1111	0.990000
1112	0.990000
1113	0.990000
1114	0.990000
1115	0.990000
1116	0.990000
1117	0.990000
1118	0.990000
1119	0.990000
1120	0.990000
1121	0.990000
1122	0.990000
1123	0.990000
1124	0.990000
1125	0.990000
1126	0.990000
1127	0.990000
1128	0.990000
1129	0.990000
1130	0.990000
1131	0.990000
1132	0.990000
1133	0.990000
1134	0.990000
1135	0.990000
1136	0.990000
1137	0.990000
1138	0.990000
1139	0.990000
1140	0.990000
1141	0.990000
1142	0.990000
1143	0.990000
1144	0.990000
1145	0.990000
1146	0.990000
1147	0.990000
1148	0.990000
1149	0.990000
1150	0.990000
1151	0.990000
1152	0.990000
1153	0.990000
1154	0.990000
1155	0.990000
1156	0.990000
1157	0.990000
1158	0.990000
1159	0.990000
1160	0.990000
1161	0.990000
1162	0.990000
1163	0.990000
1164	0.990000
1165	0.990000
1166	0.990000
1167	0.990000
1168	0.990000
1169	0.990000
1170	0.990000
1171	0.990000
1172	0.990000
1173	0.990000
1174	0.990000
1175	0.990000
1176	0.990000
1177	0.990000
1178	0.990000
1179	0.990000
1180	0.990000
1181	0.990000
1182	0.990000
1183	0.990000
1184	0.990000
1185	0.990000
1186	0.990000
1187	0.990000
1188	0.990000
1189	0.990000
1190	0.990000
1191	0.990000
1192	0.990000
1193	0.990000
1194	0.990000
1195	0.990000
1196	0.990000
1197	0.990000
1198	0.990000
1199	0.990000
1200	0.990000
1201	0.990000
1202	0.990000
1203	0.990000
1204	0.990000
1205	0.990000
1206	0.990000
1207	0.990000
1208	0.990000
1209	0.990000
1210	0.990000
1211	0.990000
1212	0.990000
1213	0.990000
1214	0.990000
1215	0.990000
1216	0.990000
1217	0.990000
1218	0.990000
1219	0.990000
1220	0.990000
1221	0.990000
1222	0.990000
1223	0.990000
1224	0.990000
1225	0.990000
1226	0.990000
1227	0.990000
1228	0.990000
1229	0.990000
1230	0.990000
1231	0.990000
1232	0.990000
1233	0.990000
1234	0.990000
1235	0.990000
1236	0.990000
1237	0.990000
1238	0.990000
1239	0.990000
1240	0.990000
1241	0.990000
1242	0.990000
1243	0.990000
1244	0.990000
1245	0.990000
1246	0.990000
1247	0.995000
1248	0.995000
1249	0.995000
1250	0.995000
1251	0.995000
1252	0.995000
1253	0.995000
1254	0.995000
1255	0.995000
1256	0.995000
1257	0.995000
1258	0.995000
1259	0.995000
1260	0.995000
1261	0.995000
1262	0.995000
1263	0.995000
1264	0.995000
1265	0.995000
1266	0.995000
1267	0.995000
1268	0.995000
1269	0.995000
1270	0.995000
1271	0.995000
1272	0.995000
1273	0.995000
1274	0.995000
1275	0.995000
1276	0.995000
1277	0.995000
1278	0.995000
1279	0.995000
1280	0.995000
1281	0.995000
1282	0.995000
1283	0.995000
1284	0.995000
1285	0.995000
1286	0.995000
1287	0.995000
1288	0.995000
1289	0.995000
1290	0.995000
1291	0.995000
1292	0.995000
1293	0.995000
1294	0.995000
1295	0.995000
1296	0.995000
1297	0.995000
1298	0.995000
1299	0.995000
1300	0.995000
1301	0.995000
1302	0.995000
1303	0.995000
1304	0.995000
1305	0.995000
1306	0.995000
1307	0.995000
1308	0.995000
1309	0.995000
1310	0.995000
1311	0.995000
1312	0.995000
1313	0.995000
1314	0.995000
1315	0.995000
1316	0.995000
1317	0.995000
1318	0.995000
1319	0.995000
1320	0.995000
1321	0.995000
1322	0.995000
1323	0.995000
1324	0.995000
1325	0.995000
1326	0.995000
1327	0.995000
1328	0.995000
1329	0.995000
1330	0.995000
1331	0.995000
1332	0.995000
1333	0.995000
1334	0.995000
1335	0.995000
1336	0.995000
1337	0.995000
1338	0.995000
1339	0.995000
1340	0.995000
1341	0.995000
1342	0.995000
1343	0.995000
1344	0.995000
1345	0.995000
1346	0.995000
1347	0.995000
1348	0.995000
1349	0.995000
1350	0.995000
1351	0.995000
1352	0.995000
1353	0.995000
1354	0.995000
1355	0.995000
1356	0.995000
1357	0.995000
1358	0.995000
1359	0.995000
1360	0.995000
1361	0.995000
1362	0.995000
1363	0.995000
1364	0.995000
1365	0.995000
1366	0.995000
1367	0.995000
1368	0.995000
1369	0.995000
1370	0.995000
1371	0.995000
1372	0.995000
1373	0.995000
1374	0.995000
1375	0.995000
1376	0.995000
1377	0.995000
1378	0.995000
1379	0.995000
1380	0.995000
1381	0.995000
1382	0.995000
1383	0.995000
1384	0.995000
1385	0.995000
1386	0.995000
1387	0.995000
1388	0.995000
1389	0.995000
1390	0.995000
1391	0.995000
1392	0.995000
1393	0.995000
1394	0.995000
1395	0.995000
1396	0.995000
1397	0.995000
1398	0.995000
1399	0.995000
1400	0.995000
1401	0.995000
1402	0.995000
1403	0.995000
1404	0.995000
1405	0.995000
1406	0.995000
1407	0.995000
1408	0.995000
1409	0.995000
1410	0.995000
1411	0.995000
1412	0.995000
1413	0.995000
1414	0.995000
1415	0.995000
1416	0.995000
1417	0.995000
1418	0.995000
1419	0.995000
1420	0.995000
1421	0.995000
1422	0.995000
1423	0.995000
1424	0.995000
1425	0.995000
1426	0.995000
1427	0.995000
1428	0.995000
1429	0.995000
1430	0.995000
1431	0.995000
1432	0.995000
1433	0.995000
1434	0.995000
1435	0.995000
1436	0.995000
1437	0.995000
1438	0.995000
1439	0.995000
1440	0.995000
1441	0.995000
1442	0.995000
1443	0.995000
1444	0.995000
1445	0.995000
1446	0.995000
1447	0.995000
1448	0.995000
1449	0.995000
1450	0.995000
1451	0.995000
1452	0.995000
1453	0.995000
1454	0.995000
1455	0.995000
1456	0.995000
1457	0.995000
1458	0.995000
1459	0.995000
1460	0.995000
1461	0.995000
1462	0.995000
1463	0.995000
1464	0.995000
1465	0.995000
1466	0.995000
1467	0.995000
1468	0.995000
1469	0.995000
1470	0.995000
1471	0.995000
1472	0.995000
1473	0.995000
1474	0.995000
1475	0.995000
1476	0.995000
1477	0.995000
1478	0.995000
1479	0.995000
1480	0.995000
1481	0.995000
1482	0.995000
1483	0.995000
1484	0.995000
1485	0.995000
1486	0.995000
1487	1.000000
1488	1.000000
1489	1.000000
1490	1.000000
1491	1.000000
1492	1.000000
1493	1.000000
1494	1.000000
1495	1.000000
1496	1.000000
1497	1.000000
1498	1.000000
1499	1.000000
1500	1.000000
1501	1.000000
1502	1.000000
1503	1.000000
1504	1.000000
1505	1.000000
1506	1.000000
1507	1.000000
1508	1.000000
1509	1.000000
1510	1.000000
1511	1.000000
1512	1.000000
1513	1.000000
1514	1.000000
1515	1.000000
1516	1.000000
1517	1.000000
1518	1.000000
1519	1.000000
1520	1.000000
1521	1.000000
1522	1.000000
1523	1.000000
1524	1.000000
1525	1.000000
1526	1.000000
1527	1.000000
1528	1.000000
1529	1.000000
1530	1.000000
1531	1.000000
1532	1.000000
1533	1.000000
1534	1.000000
1535	1.000000
1536	1.000000
1537	1.000000
1538	1.000000
1539	1.000000
1540	1.000000
1541	1.000000
1542	1.000000
1543	1.000000
1544	1.000000
1545	1.000000
1546	1.000000
1547	1.000000
1548	1.000000
1549	1.000000
1550	1.000000
1551	1.000000
1552	1.000000
1553	1.000000
1554	1.000000
1555	1.000000
1556	1.000000
1557	1.000000
1558	1.000000
1559	1.000000
1560	1.000000
1561	1.000000
1562	1.000000
1563	1.000000
1564	1.000000
1565	1.000000
1566	1.000000
1567	1.000000
1568	1.000000
1569	1.000000
1570	1.000000
1571	1.000000
1572	1.000000
1573	1.000000
1574	1.000000
1575	1.000000
1576	1.000000
1577	1.000000
1578	1.000000
1579	1.000000
1580	1.000000
1581	1.000000
1582	1.000000
1583	1.000000
1584	1.000000
1585	1.000000
1586	1.000000
1587	1.000000
1588	1.000000
1589	1.000000
1590	1.000000
1591	1.000000
1592	1.000000
1593	1.000000
1594	1.000000
1595	1.000000
1596	1.000000
1597	1.000000
1598	1.000000
1599	1.000000
1600	1.000000
1601	1.000000
1602	1.000000
1603	1.000000
1604	1.000000
1605	1.000000
1606	1.000000
1607	1.000000
1608	1.000000
1609	1.000000
1610	1.000000
1611	1.000000
1612	1.000000
1613	1.000000
1614	1.000000
1615	1.000000
1616	1.000000
1617	1.000000
1618	1.000000
1619	1.000000
1620	1.000000
1621	1.000000
1622	1.000000
1623	1.000000
1624	1.000000
1625	1.000000
1626	1.000000
1627	1.000000
1628	1.000000
1629	1.000000
1630	1.000000
1631	1.000000
1632	1.000000
1633	1.000000
1634	1.000000
1635	1.000000
1636	1.000000
1637	1.000000
1638	1.000000
1639	1.000000
1640	1.000000
1641	1.000000
1642	1.000000
1643	1.000000
1644	1.000000
1645	1.000000
1646	1.000000
1647	1.000000
1648	1.000000
1649	1.000000
1650	1.000000
1651	1.000000
1652	1.000000
1653	1.000000
1654	1.000000
1655	1.000000
1656	1.000000
1657	1.000000
1658	1.000000
1659	1.000000
1660	1.000000
1661	1.000000
1662	1.000000
1663	1.000000
1664	1.000000
1665	1.000000
1666	1.000000
1667	1.000000
1668	1.000000
1669	1.000000
1670	1.000000
1671	1.000000
1672	1.000000
1673	1.000000
1674	1.000000
1675	1.000000
1676	1.000000
1677	1.000000
1678	1.000000
1679	1.000000
1680	1.000000
1681	1.000000
1682	1.000000
1683	1.000000
1684	1.000000
1685	1.000000
1686	1.000000
1687	1.000000
1688	1.000000
1689	1.000000
1690	1.000000
1691	1.000000
1692	1.000000
1693	1.000000
1694	1.000000
1695	1.000000
1696	1.000000
1697	1.000000
1698	1.000000
1699	1.000000
1700	1.000000
1701	1.000000
1702	1.000000
1703	1.000000
1704	1.000000
1705	1.000000
1706	1.000000
1707	1.000000
1708	1.000000
1709	1.000000
1710	1.000000
1711	1.000000
1712	1.000000
1713	1.000000
1714	1.000000
1715	1.000000
1716	1.000000
1717	1.000000
1718	1.000000
1719	1.000000
1720	1.000000
1721	1.000000
1722	1.000000
1723	1.000000
1724	1.000000
1725	1.000000
1726	1.000000
1727	1.000000
1728	1.000000
1729	1.000000
1730	1.000000
1731	1.000000
1732	1.000000
1733	1.000000
1734	1.000000
1735	1.000000
1736	1.000000
1737	1.000000
1738	1.000000
1739	1.000000
1740	1.000000
1741	1.000000
1742	1.000000
1743	1.000000
1744	1.000000
1745	1.000000
1746	1.000000
1747	1.000000
1748	1.000000
1749	1.000000
1750	1.000000
1751	1.000000
1752	1.000000
1753	1.000000
1754	1.000000
1755	1.000000
1756	1.000000
1757	1.000000
1758	1.000000
1759	1.000000
1760	1.000000
1761	1.000000
1762	1.000000
1763	1.000000
1764	1.000000
1765	1.000000
1766	1.000000
1767	1.000000
1768	1.000000
1769	1.000000
1770	1.000000
1771	1.000000
1772	1.000000
1773	1.000000
1774	1.000000
1775	1.000000
1776	1.000000
1777	1.000000
1778	1.000000
1779	1.000000
1780	1.000000
1781	1.000000
1782	1.000000
1783	1.000000
1784	1.000000
1785	1.000000
1786	1.000000
1787	1.000000
1788	1.000000
1789	1.000000
1790	1.000000
1791	1.000000
1792	1.000000
1793	1.000000
1794	1.000000
1795	1.000000
1796	1.000000
1797	1.000000
1798	1.000000
1799	1.000000
1800	1.000000
1801	1.000000
1802	1.000000
1803	1.000000
1804	1.000000
1805	1.000000
1806	1.000000
1807	1.000000
1808	1.000000
1809	1.000000
1810	1.000000
1811	1.000000
1812	1.000000
1813	1.000000
1814	1.000000
1815	1.000000
1816	1.000000
1817	1.000000
1818	1.000000
1819	1.000000
1820	1.000000
1821	1.000000
1822	1.000000
1823	1.000000
1824	1.000000
1825	1.000000
1826	1.000000
1827	1.000000
1828	1.000000
1829	1.000000
1830	1.000000
1831	1.000000
1832	1.000000
1833	1.000000
1834	1.000000
1835	1.000000
1836	1.000000
1837	1.000000
1838	1.000000
1839	1.000000
1840	1.000000
1841	1.000000
1842	1.000000
1843	1.000000
1844	1.000000
1845	1.000000
1846	1.000000
1847	1.000000
1848	1.000000
1849	1.000000
1850	1.000000
1851	1.000000
1852	1.000000
1853	1.000000
1854	1.000000
1855	1.000000
1856	1.000000
1857	1.000000
1858	1.000000
1859	1.000000
1860	1.000000
1861	1.000000
1862	1.000000
1863	1.000000
1864	1.000000
1865	1.000000
1866	1.000000
1867	1.000000
1868	1.000000
1869	1.000000
1870	1.000000
1871	1.000000
1872	1.000000
1873	1.000000
1874	1.000000
1875	1.000000
1876	1.000000
1877	1.000000
1878	1.000000
1879	1.000000
1880	1.000000
1881	1.000000
1882	1.000000
1883	1.000000
1884	1.000000
1885	1.000000
1886	1.000000
1887	1.000000
1888	1.000000
1889	1.000000
1890	1.000000
1891	1.000000
1892	1.000000
1893	1.000000
1894	1.000000
1895	1.000000
1896	1.000000
1897	1.000000
1898	1.000000
1899	1.000000
1900	1.000000
1901	1.000000
1902	1.000000
1903	1.000000
1904	1.000000
1905	1.000000
1906	1.000000
1907	1.000000
1908	1.000000
1909	1.000000
1910	1.000000
1911	1.000000
1912	1.000000
1913	1.000000
1914	1.000000
1915	1.000000
1916	1.000000
1917	1.000000
1918	1.000000
1919	1.000000
1920	1.000000
1921	1.000000
1922	1.000000
1923	1.000000
1924	1.000000
1925	1.000000
1926	1.000000
1927	1.000000
1928	1.000000
1929	1.000000
1930	1.000000
1931	1.000000
1932	1.000000
1933	1.000000
1934	1.000000
1935	1.000000
1936	1.000000
1937	1.000000
1938	1.000000
1939	1.000000
1940	1.000000
1941	1.000000
1942	1.000000
1943	1.000000
1944	1.000000
1945	1.000000
1946	1.000000
1947	1.000000
1948	1.000000
1949	1.000000
1950	1.000000
1951	1.000000
1952	1.000000
1953	1.000000
1954	1.000000
1955	1.000000
1956	1.000000
1957	1.000000
1958	1.000000
1959	1.000000
1960	1.000000
1961	1.000000
1962	1.000000
1963	1.000000
1964	1.000000
1965	1.000000
1966	1.000000
1967	1.000000
1968	1.000000
1969	1.000000
1970	1.000000
1971	1.000000
1972	1.000000
1973	1.000000
1974	1.000000
1975	1.000000
1976	1.000000
1977	1.000000
1978	1.000000
1979	1.000000
1980	1.000000
1981	1.000000
1982	1.000000
1983	1.000000
1984	1.000000
1985	1.000000
1986	1.000000
1987	1.000000
1988	1.000000
1989	1.000000
1990	1.000000
1991	1.000000
1992	1.000000
1993	1.000000
1994	1.000000
1995	1.000000
1996	1.000000
1997	1.000000
1998	1.000000
1999	1.000000
2000	1.000000
2001	1.000000
2002	1.000000
2003	1.000000
2004	1.000000
2005	1.000000
2006	1.000000
2007	1.000000
2008	1.000000
2009	1.000000
2010	1.000000
2011	1.000000
2012	1.000000
2013	1.000000
2014	1.000000
2015	1.000000
2016	1.000000
2017	1.000000
2018	1.000000
2019	0.995000
2020	0.995000
2021	0.995000
2022	0.995000
2023	0.995000
2024	0.995000
2025	0.995000
2026	0.995000
2027	0.995000
2028	0.995000
2029	0.995000
2030	0.995000
2031	0.995000
2032	0.995000
2033	0.995000
2034	0.995000
2035	0.995000
2036	0.995000
2037	0.995000
2038	0.995000
2039	0.995000
2040	0.995000
2041	0.995000
2042	0.995000
2043	0.995000
2044	0.995000
2045	0.995000
2046	0.995000
2047	0.995000
2048	0.995000
2049	0.995000
2050	0.995000
2051	0.995000
2052	0.995000
2053	0.995000
2054	0.995000
2055	0.995000
2056	0.995000
2057	0.995000
2058	0.995000
2059	0.995000
2060	0.995000
2061	0.995000
2062	0.995000
2063	0.995000
2064	0.995000
2065	0.995000
2066	0.995000
2067	0.995000
2068	0.995000
2069	0.995000
2070	0.995000
2071	0.995000
2072	0.995000
2073	0.995000
2074	0.995000
2075	0.995000
2076	0.995000
2077	0.995000
2078	0.995000
2079	0.995000
2080	0.995000
2081	0.995000
2082	0.995000
2083	0.995000
2084	0.995000
2085	0.995000
2086	0.995000
2087	0.995000
2088	0.995000
2089	0.995000
2090	0.995000
2091	0.995000
2092	0.995000
2093	0.995000
2094	0.995000
2095	0.995000
2096	0.995000
2097	0.995000
2098	0.995000
2099	0.995000
2100	0.995000
2101	0.995000
2102	0.995000
2103	0.995000
2104	0.995000
2105	0.995000
2106	0.995000
2107	0.995000
2108	0.995000
2109	0.995000
2110	0.995000
2111	0.995000
2112	0.995000
2113	0.995000
2114	0.995000
2115	0.995000
2116	0.995000
2117	0.995000
2118	0.995000
2119	0.995000
2120	0.995000
2121	0.995000
2122	0.995000
2123	0.995000
2124	0.995000
2125	0.995000
2126	0.995000
2127	0.995000
2128	0.995000
2129	0.995000
2130	0.995000
2131	0.995000
2132	0.995000
2133	0.995000
2134	0.995000
2135	0.995000
2136	0.995000
2137	0.995000
2138	0.995000
2139	0.995000
2140	0.995000
2141	0.995000
2142	0.995000
2143	0.995000
2144	0.995000
2145	0.995000
2146	0.995000
2147	0.995000
2148	0.995000
2149	0.995000
2150	0.995000
2151	0.995000
2152	0.995000
2153	0.995000
2154	0.995000
2155	0.995000
2156	0.995000
2157	0.995000
2158	0.995000
2159	0.995000
2160	0.995000
2161	0.995000
2162	0.995000
2163	0.995000
2164	0.995000
2165	0.995000
2166	0.995000
2167	0.995000
2168	0.995000
2169	0.995000
2170	0.995000
2171	0.995000
2172	0.995000
2173	0.995000
2174	0.995000
2175	0.995000
2176	0.995000
2177	0.995000
2178	0.995000
2179	0.995000
2180	0.995000
2181	0.995000
2182	0.995000
2183	0.995000
2184	0.995000
2185	0.995000
2186	0.995000
2187	0.995000
2188	0.995000
2189	0.995000
2190	1.000000
2191	1.000000
2192	1.000000
2193	1.000000
2194	1.000000
2195	1.000000
2196	1.000000
2197	1.000000
2198	1.000000
2199	1.000000
2200	1.000000
2201	1.000000
2202	1.000000
2203	1.000000
2204	1.000000
2205	1.000000
2206	1.000000
2207	1.000000
2208	1.000000
2209	1.000000
2210	1.000000
2211	1.000000
2212	1.000000
2213	1.000000
2214	1.000000
2215	1.000000
2216	1.000000
2217	1.000000
2218	1.000000
2219	1.000000
2220	1.000000
2221	1.000000
2222	1.000000
2223	1.000000
2224	1.000000
2225	1.000000
2226	1.000000
2227	1.000000
2228	1.000000
2229	1.000000
2230	1.000000
2231	1.000000
2232	1.000000
2233	1.000000
2234	1.000000
2235	1.000000
2236	1.000000
2237	1.000000
2238	1.000000
2239	1.000000
2240	1.000000
2241	1.000000
2242	1.000000
2243	1.000000
2244	1.000000
2245	1.000000
2246	1.000000
2247	1.000000
2248	1.000000
2249	1.000000
2250	1.000000
2251	1.000000
2252	1.000000
2253	1.000000
2254	1.000000
2255	1.000000
2256	1.000000
2257	1.000000
2258	1.000000
2259	1.000000
2260	1.000000
2261	1.000000
2262	1.000000
2263	1.000000
2264	1.000000
2265	1.000000
2266	1.000000
2267	1.000000
2268	1.000000
2269	1.000000
2270	1.000000
2271	1.000000
2272	1.000000
2273	1.000000
2274	1.000000
2275	1.000000
2276	1.000000
2277	1.000000
2278	1.000000
2279	1.000000
2280	1.000000
2281	1.000000
2282	1.000000
2283	1.000000
2284	1.000000
2285	1.000000
2286	1.000000
2287	1.000000
2288	1.000000
2289	1.000000
2290	1.000000
2291	1.000000
2292	1.000000
2293	1.000000
2294	1.000000
2295	1.000000
2296	1.000000
2297	1.000000
2298	1.000000
2299	1.000000
2300	1.000000
2301	1.000000
2302	1.000000
2303	1.000000
2304	1.000000
2305	1.000000
2306	1.000000
2307	1.000000
2308	1.000000
2309	1.000000
2310	1.000000
2311	1.000000
2312	1.000000
2313	1.000000
2314	1.000000
2315	1.000000
2316	1.000000
2317	1.000000
2318	1.000000
2319	1.000000
2320	1.000000
2321	1.000000
2322	1.000000
2323	1.000000
2324	1.000000
2325	1.000000
2326	1.000000
2327	1.000000
2328	1.000000
2329	1.000000
2330	1.000000
2331	1.000000
2332	1.000000
2333	1.000000
2334	1.000000
2335	1.000000
2336	1.000000
2337	1.000000
2338	1.000000
2339	1.000000
2340	1.000000
2341	1.000000
2342	1.000000
2343	1.000000
2344	1.000000
2345	1.000000
2346	1.000000
2347	1.000000
2348	1.000000
2349	1.000000
2350	1.000000
2351	1.000000
2352	1.000000
2353	1.000000
2354	1.000000
2355	1.000000
2356	1.000000
2357	1.000000
2358	1.000000
2359	1.000000
2360	1.000000
2361	1.000000
2362	1.000000
2363	1.000000
2364	1.000000
2365	1.000000
2366	1.000000
2367	1.000000
2368	1.000000
2369	1.000000
2370	1.000000
2371	1.000000
2372	1.000000
2373	1.000000
2374	1.000000
2375	1.000000
2376	1.000000
2377	1.000000
2378	1.000000
2379	1.000000
2380	1.000000
2381	1.000000
2382	1.000000
2383	1.000000
2384	1.000000
2385	1.000000
2386	1.000000
2387	1.000000
2388	1.000000
2389	1.000000
2390	1.000000
2391	1.000000
2392	1.000000
2393	1.000000
2394	1.000000
2395	1.000000
2396	1.000000
2397	1.000000
2398	1.000000
2399	1.000000
2400	1.000000
2401	1.000000
2402	1.000000
2403	1.000000
2404	1.000000
2405	1.000000
2406	1.000000
2407	1.000000
2408	1.000000
2409	1.000000
2410	1.000000
2411	1.000000
2412	1.000000
2413	1.000000
2414	1.000000
2415	1.000000
2416	1.000000
2417	1.000000
2418	1.000000
2419	1.000000
2420	1.000000
2421	1.000000
2422	1.000000
2423	1.000000
2424	1.000000
2425	1.000000
2426	1.000000
2427	1.000000
2428	1.000000
2429	1.000000
2430	1.000000
2431	1.000000
2432	1.000000
2433	1.000000
2434	1.000000
2435	1.000000
2436	1.000000
2437	1.000000
2438	1.000000
2439	1.000000
2440	1.000000
2441	1.000000
2442	1.000000
2443	1.000000
2444	1.000000
2445	1.000000
2446	1.000000
2447	1.000000
2448	1.000000
2449	1.000000
2450	1.000000
2451	1.000000
2452	1.000000
2453	1.000000
2454	1.000000
2455	1.000000
2456	1.000000
2457	1.000000
2458	1.000000
2459	1.000000
2460	1.000000
2461	1.000000
2462	1.000000
2463	1.000000
2464	1.000000
2465	1.000000
2466	1.000000
2467	1.000000
2468	1.000000
2469	1.000000
2470	1.000000
2471	1.000000
2472	1.000000
2473	1.000000
2474	1.000000
2475	1.000000
2476	1.000000
2477	1.000000
2478	1.000000
2479	1.000000
2480	1.000000
2481	1.000000
2482	1.000000
2483	1.000000
2484	1.000000
2485	1.000000
2486	1.000000
2487	1.000000
2488	1.000000
2489	1.000000
2490	1.000000
2491	1.000000
2492	1.000000
2493	1.000000
2494	1.000000
2495	1.000000
2496	1.000000
2497	1.000000
2498	1.000000
2499	1.000000
2500	1.000000
2501	1.000000
2502	1.000000
2503	1.000000
2504	1.000000
2505	1.000000
2506	1.000000
2507	1.000000
2508	1.000000
2509	1.000000
2510	1.000000
2511	1.000000
2512	1.000000
2513	1.000000
2514	1.000000
2515	1.000000
2516	1.000000
2517	1.000000
2518	1.000000
2519	1.000000
2520	1.000000
2521	1.000000
2522	1.000000
2523	1.000000
2524	1.000000
2525	1.000000
2526	1.000000
2527	1.000000
2528	1.000000
2529	1.000000
2530	1.000000
2531	1.000000
2532	1.000000
2533	1.000000
2534	1.000000
2535	1.000000
2536	1.000000
2537	1.000000
2538	1.000000
2539	1.000000
2540	1.000000
2541	1.000000
2542	1.000000
2543	1.000000
2544	1.000000
2545	1.000000
2546	1.000000
2547	1.000000
2548	1.000000
2549	1.000000
2550	1.000000
2551	1.000000
2552	1.000000
2553	1.000000
2554	1.000000
2555	1.000000
2556	1.000000
2557	1.000000
2558	1.000000
2559	1.000000
2560	1.000000
2561	1.000000
2562	1.000000
2563	1.000000
2564	1.000000
2565	1.000000
2566	1.000000
2567	1.000000
2568	1.000000
2569	1.000000
2570	1.000000
2571	1.000000
2572	1.000000
2573	1.000000
2574	1.000000
2575	1.000000
2576	1.000000
2577	1.000000
2578	1.000000
2579	1.000000
2580	1.000000
2581	1.000000
2582	1.000000
2583	1.000000
2584	1.000000
2585	1.000000
2586	1.000000
2587	1.000000
2588	1.000000
2589	1.000000
2590	1.000000
2591	1.000000
2592	1.000000
2593	1.000000
2594	1.000000
2595	1.000000
2596	1.000000
2597	1.000000
2598	1.000000
2599	1.000000
2600	1.000000
2601	1.000000
2602	1.000000
2603	1.000000
2604	1.000000
2605	1.000000
2606	1.000000
2607	1.000000
2608	1.000000
2609	1.000000
2610	1.000000
2611	1.000000
2612	1.000000
2613	1.000000
2614	1.000000
2615	1.000000
2616	1.000000
2617	1.000000
2618	1.000000
2619	1.000000
2620	1.000000
2621	1.000000
2622	1.000000
2623	1.000000
2624	1.000000
2625	1.000000
2626	1.000000
2627	1.000000
2628	1.000000
2629	1.000000
2630	1.000000
2631	1.000000
2632	1.000000
2633	1.000000
2634	1.000000
2635	1.000000
2636	1.000000
2637	1.000000
2638	1.000000
2639	1.000000
2640	1.000000
2641	1.000000
2642	1.000000
2643	1.000000
2644	1.000000
2645	1.000000
2646	1.000000
2647	1.000000
2648	1.000000
2649	1.000000
2650	1.000000
2651	1.000000
2652	1.000000
2653	1.000000
2654	1.000000
2655	1.000000
2656	1.000000
2657	1.000000
2658	1.000000
2659	1.000000
2660	1.000000
2661	1.000000
2662	1.000000
2663	1.000000
2664	1.000000
2665	1.000000
2666	1.000000
2667	1.000000
2668	1.000000
2669	1.000000
2670	1.000000
2671	1.000000
2672	1.000000
2673	1.000000
2674	1.000000
2675	1.000000
2676	1.000000
2677	1.000000
2678	1.000000
2679	1.000000
2680	1.000000
2681	1.000000
2682	1.000000
2683	1.000000
2684	1.000000
2685	1.000000
2686	1.000000
2687	1.000000
2688	1.000000
2689	1.000000
2690	1.000000
2691	1.000000
2692	1.000000
2693	1.000000
2694	1.000000
2695	1.000000
2696	1.000000
2697	1.000000
2698	1.000000
2699	1.000000
2700	1.000000
2701	1.000000
2702	1.000000
2703	1.000000
2704	1.000000
2705	1.000000
2706	1.000000
2707	1.000000
2708	1.000000
2709	1.000000
2710	1.000000
2711	1.000000
2712	1.000000
2713	1.000000
2714	1.000000
2715	1.000000
2716	1.000000
2717	1.000000
2718	1.000000
2719	1.000000
2720	1.000000
2721	1.000000
2722	1.000000
2723	1.000000
2724	1.000000
2725	1.000000
2726	1.000000
2727	1.000000
2728	1.000000
2729	1.000000
2730	1.000000
2731	1.000000
2732	1.000000
2733	1.000000
2734	1.000000
2735	1.000000
2736	1.000000
2737	1.000000
2738	1.000000
2739	1.000000
2740	1.000000
2741	1.000000
2742	1.000000
2743	1.000000
2744	1.000000
2745	1.000000
2746	1.000000
2747	1.000000
2748	1.000000
2749	1.000000
2750	1.000000
2751	1.000000
2752	1.000000
2753	1.000000
2754	1.000000
2755	1.000000
2756	1.000000
2757	1.000000
2758	1.000000
2759	1.000000
2760	1.000000
2761	1.000000
2762	1.000000
2763	1.000000
2764	1.000000
2765	1.000000
2766	1.000000
2767	1.000000
2768	1.000000
2769	1.000000
2770	1.000000
2771	1.000000
2772	1.000000
2773	1.000000
2774	1.000000
2775	1.000000
2776	1.000000
2777	1.000000
2778	1.000000
2779	1.000000
2780	1.000000
2781	1.000000
2782	1.000000
2783	1.000000
2784	1.000000
2785	1.000000
2786	1.000000
2787	1.000000
2788	1.000000
2789	1.000000
2790	1.000000
2791	1.000000
2792	1.000000
2793	1.000000
2794	1.000000
2795	1.000000
2796	1.000000
2797	1.000000
2798	1.000000
2799	1.000000
2800	1.000000
2801	1.000000
2802	1.000000
2803	1.000000
2804	1.000000
2805	1.000000
2806	1.000000
2807	1.000000
2808	1.000000
2809	1.000000
2810	1.000000
2811	1.000000
2812	1.000000
2813	1.000000
2814	1.000000
2815	1.000000
2816	1.000000
2817	1.000000
2818	1.000000
2819	1.000000
2820	1.000000
2821	1.000000
2822	1.000000
2823	1.000000
2824	1.000000
2825	1.000000
2826	1.000000
2827	1.000000
2828	1.000000
2829	1.000000
2830	1.000000
2831	1.000000
2832	1.000000
2833	1.000000
2834	1.000000
2835	1.000000
2836	1.000000
2837	1.000000
2838	1.000000
2839	1.000000
2840	1.000000
2841	1.000000
2842	1.000000
2843	1.000000
2844	1.000000
2845	1.000000
2846	1.000000
2847	1.000000
2848	1.000000
2849	1.000000
2850	1.000000
2851	1.000000
2852	1.000000
2853	1.000000
2854	1.000000
2855	1.000000
2856	1.000000
2857	1.000000
2858	1.000000
2859	1.000000
2860	1.000000
2861	1.000000
2862	1.000000
2863	1.000000
2864	1.000000
2865	1.000000
2866	1.000000
2867	1.000000
2868	1.000000
2869	1.000000
2870	1.000000
2871	1.000000
2872	1.000000
2873	1.000000
2874	1.000000
2875	1.000000
2876	1.000000
2877	1.000000
2878	1.000000
2879	1.000000
2880	1.000000
2881	1.000000
2882	1.000000
2883	1.000000
2884	1.000000
2885	1.000000
2886	1.000000
2887	1.000000
2888	1.000000
2889	1.000000
2890	1.000000
2891	1.000000
2892	1.000000
2893	1.000000
2894	1.000000
2895	1.000000
2896	1.000000
2897	1.000000
2898	1.000000
2899	1.000000
2900	1.000000
2901	1.000000
2902	1.000000
2903	1.000000
2904	1.000000
2905	1.000000
2906	1.000000
2907	1.000000
2908	1.000000
2909	1.000000
2910	1.000000
2911	1.000000
2912	1.000000
2913	1.000000
2914	1.000000
2915	1.000000
2916	1.000000
2917	1.000000
2918	1.000000
2919	1.000000
2920	1.000000
2921	1.000000
2922	1.000000
2923	1.000000
2924	1.000000
2925	1.000000
2926	1.000000
2927	1.000000
2928	1.000000
2929	1.000000
2930	1.000000
2931	1.000000
2932	1.000000
2933	1.000000
2934	1.000000
2935	1.000000
2936	1.000000
2937	1.000000
2938	1.000000
2939	1.000000
2940	1.000000
2941	1.000000
2942	1.000000
2943	1.000000
2944	1.000000
2945	1.000000
2946	1.000000
2947	1.000000
2948	1.000000
2949	1.000000
2950	1.000000
2951	1.000000
2952	1.000000
2953	1.000000
2954	1.000000
2955	1.000000
2956	1.000000
2957	1.000000
2958	1.000000
2959	1.000000
2960	1.000000
2961	1.000000
2962	1.000000
2963	1.000000
2964	1.000000
2965	1.000000
2966	1.000000
2967	1.000000
2968	1.000000
2969	1.000000
2970	1.000000
2971	1.000000
2972	1.000000
2973	1.000000
2974	1.000000
2975	1.000000
2976	1.000000
2977	1.000000
2978	1.000000
2979	1.000000
2980	1.000000
2981	1.000000
2982	1.000000
2983	1.000000
2984	1.000000
2985	1.000000
2986	1.000000
2987	1.000000
2988	1.000000
2989	1.000000
2990	1.000000
2991	1.000000
2992	1.000000
2993	1.000000
2994	1.000000
2995	1.000000
2996	1.000000
2997	1.000000
2998	1.000000
2999	1.000000
3000	1.000000
3001	1.000000
3002	1.000000
3003	1.000000
3004	1.000000
3005	1.000000
3006	1.000000
3007	1.000000
3008	1.000000
3009	1.000000
3010	1.000000
3011	1.000000
3012	1.000000
3013	1.000000
3014	1.000000
3015	1.000000
3016	1.000000
3017	1.000000
3018	1.000000
3019	1.000000
3020	1.000000
3021	1.000000
3022	1.000000
3023	1.000000
3024	1.000000
3025	1.000000
3026	1.000000
3027	1.000000
3028	1.000000
3029	1.000000
3030	1.000000
3031	1.000000
3032	1.000000
3033	1.000000
3034	1.000000
3035	1.000000
3036	1.000000
3037	1.000000
3038	1.000000
3039	1.000000
3040	1.000000
3041	1.000000
3042	1.000000
3043	1.000000
3044	1.000000
3045	1.000000
3046	1.000000
3047	1.000000
3048	1.000000
3049	1.000000
3050	1.000000
3051	1.000000
3052	1.000000
3053	1.000000
3054	1.000000
3055	1.000000
3056	1.000000
3057	1.000000
3058	1.000000
3059	1.000000
3060	1.000000
3061	1.000000
3062	1.000000
3063	1.000000
3064	1.000000
3065	1.000000
3066	1.000000
3067	1.000000
3068	1.000000
3069	1.000000
3070	1.000000
3071	1.000000
3072	1.000000
3073	1.000000
3074	1.000000
3075	1.000000
3076	1.000000
3077	1.000000
3078	1.000000
3079	1.000000
3080	1.000000
3081	1.000000
3082	1.000000
3083	1.000000
3084	1.000000
3085	1.000000
3086	1.000000
3087	1.000000
3088	1.000000
3089	1.000000
3090	1.000000
3091	1.000000
3092	1.000000
3093	1.000000
3094	1.000000
3095	1.000000
3096	1.000000
3097	1.000000
3098	1.000000
3099	1.000000
3100	1.000000
3101	1.000000
3102	1.000000
3103	1.000000
3104	1.000000
3105	1.000000
3106	1.000000
3107	1.000000
3108	1.000000
3109	1.000000
3110	1.000000
3111	1.000000
3112	1.000000
3113	1.000000
3114	1.000000
3115	1.000000
3116	1.000000
3117	1.000000
3118	1.000000
3119	1.000000
3120	1.000000
3121	1.000000
3122	1.000000
3123	1.000000
3124	1.000000
3125	1.000000
3126	1.000000
3127	1.000000
3128	1.000000
3129	1.000000
3130	1.000000
3131	1.000000
3132	1.000000
3133	1.000000
3134	1.000000
3135	1.000000
3136	1.000000
3137	1.000000
3138	1.000000
3139	1.000000
3140	1.000000
3141	1.000000
3142	1.000000
3143	1.000000
3144	1.000000
3145	1.000000
3146	1.000000
3147	1.000000
3148	1.000000
3149	1.000000
3150	1.000000
3151	1.000000
3152	1.000000
3153	1.000000
3154	1.000000
3155	1.000000
3156	1.000000
3157	1.000000
3158	1.000000
3159	1.000000
3160	1.000000
3161	1.000000
3162	1.000000
3163	1.000000
3164	1.000000
3165	1.000000
3166	1.000000
3167	1.000000
3168	1.000000
3169	1.000000
3170	1.000000
3171	1.000000
3172	1.000000
3173	1.000000
3174	1.000000
3175	1.000000
3176	1.000000
3177	1.000000
3178	1.000000
3179	1.000000
3180	1.000000
3181	1.000000
3182	1.000000
3183	1.000000
3184	1.000000
3185	1.000000
3186	1.000000
3187	1.000000
3188	1.000000
3189	1.000000
3190	1.000000
3191	1.000000
3192	1.000000
3193	1.000000
3194	1.000000
3195	1.000000
3196	1.000000
3197	1.000000
3198	1.000000
3199	1.000000
3200	1.000000
3201	1.000000
3202	1.000000
3203	1.000000
3204	1.000000
3205	1.000000
3206	1.000000
3207	1.000000
3208	1.000000
3209	1.000000
3210	1.000000
3211	1.000000
3212	1.000000
3213	1.000000
3214	1.000000
3215	1.000000
3216	1.000000
3217	1.000000
3218	1.000000
3219	1.000000
3220	1.000000
3221	1.000000
3222	1.000000
3223	1.000000
3224	1.000000
3225	1.000000
3226	1.000000
3227	1.000000
3228	1.000000
3229	1.000000
3230	1.000000
3231	1.000000
3232	1.000000
3233	1.000000
3234	1.000000
3235	1.000000
3236	1.000000
3237	1.000000
3238	1.000000
3239	1.000000
3240	1.000000
3241	1.000000
3242	1.000000
3243	1.000000
3244	1.000000
3245	1.000000
3246	1.000000
3247	1.000000
3248	1.000000
3249	1.000000
3250	1.000000
3251	1.000000
3252	1.000000
3253	1.000000
3254	1.000000
3255	1.000000
3256	1.000000
3257	1.000000
3258	1.000000
3259	1.000000
3260	1.000000
3261	1.000000
3262	1.000000
3263	1.000000
3264	1.000000
3265	1.000000
3266	1.000000
3267	1.000000
3268	1.000000
3269	1.000000
3270	1.000000
3271	1.000000
3272	1.000000
3273	1.000000
3274	1.000000
3275	1.000000
3276	1.000000
3277	1.000000
3278	1.000000
3279	1.000000
3280	1.000000
3281	1.000000
3282	1.000000
3283	1.000000
3284	1.000000
3285	1.000000
3286	1.000000
3287	1.000000
3288	1.000000
3289	1.000000
3290	1.000000
3291	1.000000
3292	1.000000
3293	1.000000
3294	1.000000
3295	1.000000
3296	1.000000
3297	1.000000
3298	1.000000
3299	1.000000
3300	1.000000
3301	1.000000
3302	1.000000
3303	1.000000
3304	1.000000
3305	1.000000
3306	1.000000
3307	1.000000
3308	1.000000
3309	1.000000
3310	1.000000
3311	1.000000
3312	1.000000
3313	1.000000
3314	1.000000
3315	1.000000
3316	1.000000
3317	1.000000
3318	1.000000
3319	1.000000
3320	1.000000
3321	1.000000
3322	1.000000
3323	1.000000
3324	1.000000
3325	1.000000
3326	1.000000
3327	1.000000
3328	1.000000
3329	1.000000
3330	1.000000
3331	1.000000
3332	1.000000
3333	1.000000
3334	1.000000
3335	1.000000
3336	1.000000
3337	1.000000
3338	1.000000
3339	1.000000
3340	1.000000
3341	1.000000
3342	1.000000
3343	1.000000
3344	1.000000
3345	1.000000
3346	1.000000
3347	1.000000
3348	1.000000
3349	1.000000
3350	1.000000
3351	1.000000
3352	1.000000
3353	1.000000
3354	1.000000
3355	1.000000
3356	1.000000
3357	1.000000
3358	1.000000
3359	1.000000
3360	1.000000
3361	1.000000
3362	1.000000
3363	1.000000
3364	1.000000
3365	1.000000
3366	1.000000
3367	1.000000
3368	1.000000
3369	1.000000
3370	1.000000
3371	1.000000
3372	1.000000
3373	1.000000
3374	1.000000
3375	1.000000
3376	1.000000
3377	1.000000
3378	1.000000
3379	1.000000
3380	1.000000
3381	1.000000
3382	1.000000
3383	1.000000
3384	1.000000
3385	1.000000
3386	1.000000
3387	1.000000
3388	1.000000
3389	1.000000
3390	1.000000
3391	1.000000
3392	1.000000
3393	1.000000
3394	1.000000
3395	1.000000
3396	1.000000
3397	1.000000
3398	1.000000
3399	1.000000
3400	1.000000
3401	1.000000
3402	1.000000
3403	1.000000
3404	1.000000
3405	1.000000
3406	1.000000
3407	1.000000
3408	1.000000
3409	1.000000
3410	1.000000
3411	1.000000
3412	1.000000
3413	1.000000
3414	1.000000
3415	1.000000
3416	1.000000
3417	1.000000
3418	1.000000
3419	1.000000
3420	1.000000
3421	1.000000
3422	1.000000
3423	1.000000
3424	1.000000
3425	1.000000
3426	1.000000
3427	1.000000
3428	1.000000
3429	1.000000
3430	1.000000
3431	1.000000
3432	1.000000
3433	1.000000
3434	1.000000
3435	1.000000
3436	1.000000
3437	1.000000
3438	1.000000
3439	1.000000
3440	1.000000
3441	1.000000
3442	1.000000
3443	1.000000
3444	1.000000
3445	1.000000
3446	1.000000
3447	1.000000
3448	1.000000
3449	1.000000
3450	1.000000
3451	1.000000
3452	1.000000
3453	1.000000
3454	1.000000
3455	1.000000
3456	1.000000
3457	1.000000
3458	1.000000
3459	1.000000
3460	1.000000
3461	1.000000
3462	1.000000
3463	1.000000
3464	1.000000
3465	1.000000
3466	1.000000
3467	1.000000
3468	1.000000
3469	1.000000
3470	1.000000
3471	1.000000
3472	1.000000
3473	1.000000
3474	1.000000
3475	1.000000
3476	1.000000
3477	1.000000
3478	1.000000
3479	1.000000
3480	1.000000
3481	1.000000
3482	1.000000
3483	1.000000
3484	1.000000
3485	1.000000
3486	1.000000
3487	1.000000
3488	1.000000
3489	1.000000
3490	1.000000
3491	1.000000
3492	1.000000
3493	1.000000
3494	1.000000
3495	1.000000
3496	1.000000
3497	1.000000
3498	1.000000
3499	1.000000
3500	1.000000
